75.6
75.08
73.68
71.44
69.56
69.0
69.0
69.04
69.12
69.28
69.4
69.48
69.56
69.52
69.48
69.6
69.6
69.68
69.68
69.68
69.68
69.68
69.6
69.52
69.44
69.32
69.4
69.28
69.36
69.52
69.48
69.4
69.28
69.12
68.88
68.72
68.56
68.4
68.36
68.52
68.48
68.48
68.48
68.56
68.64
68.72
68.72
68.88
69.16
69.44
69.76
70.04
70.52
70.88
71.08
71.32
71.68
72.12
72.48
72.8
73.08
73.32
73.6
73.76
73.92
74.12
74.36
74.52
74.68
74.84
75.0
75.16
75.24
75.2
75.2
75.36
75.44
75.52
75.56
75.32
75.16
75.0
74.76
74.6
74.52
74.44
74.44
74.4
74.32
74.2
74.08
73.92
73.84
73.76
73.68
73.64
73.56
73.52
73.48
73.36
73.08
72.76
72.4
72.08
72.04
72.04
72.04
72.04
72.08
72.08
72.08
72.08
72.12
72.16
72.16
72.16
72.24
72.24
72.28
72.32
72.28
72.32
72.28
72.28
72.32
72.36
72.4
72.44
72.48
72.52
72.52
72.56
72.56
72.56
72.6
72.6
72.64
72.64
72.6
72.6
72.6
72.6
72.6
72.56
72.56
72.6
72.64
72.72
72.76
72.76
72.76
72.72
72.68
72.64
72.6
72.6
72.64
72.72
72.76
72.84
72.92
72.92
72.96
73.08
73.2
73.28
73.28
73.36
73.48
73.56
73.56
73.52
73.48
73.48
73.48
73.52
73.6
73.72
73.76
73.8
73.84
73.84
73.84
73.84
73.8
73.8
73.88
73.92
73.96
74.08
74.08
74.2
74.28
74.4
74.44
74.52
74.64
74.76
75.0
75.08
75.2
75.32
75.4
75.6
75.8
75.92
76.08
76.24
76.32
76.32
76.4
76.44
76.4
76.36
76.2
76.16
76.08
75.92
75.72
75.64
75.6
75.52
75.44
75.2
75.16
75.04
74.88
74.72
74.48
74.24
74.12
73.92
73.72
73.68
73.72
73.72
73.68
73.76
73.8
73.88
74.0
74.12
74.28
74.36
74.52
74.68
74.88
75.0
75.12
75.24
75.36
75.52
75.68
75.88
76.0
76.08
76.28
76.4
76.44
76.44
76.4
76.4
76.36
76.32
76.28
76.24
76.28
76.24
76.24
76.12
76.08
76.0
76.0
76.0
76.0
76.04
76.04
76.04
76.04
76.04
76.12
76.0
76.04
76.0
76.0
76.08
76.16
76.32
76.48
76.68
76.92
77.08
77.28
77.52
77.76
77.92
78.08
78.28
78.44
78.64
78.8
79.0
79.2
79.4
79.68
79.88
80.16
80.44
80.8
81.16
81.44
81.72
81.92
82.04
82.12
82.16
82.2
82.24
82.28
82.28
82.4
82.56
82.68
82.88
83.04
83.2
83.32
83.44
83.6
83.72
83.84
84.0
84.04
84.08
84.12
84.16
84.2
84.24
84.36
84.56
84.8
85.04
85.36
85.64
85.96
86.16
86.32
86.48
86.6
86.72
86.88
87.12
87.32
87.48
87.72
87.96
88.16
88.4
88.64
88.96
89.28
89.52
89.84
90.08
90.32
90.52
90.68
90.84
91.04
91.24
91.4
91.56
91.72
91.88
92.08
92.24
92.36
92.52
92.68
92.8
92.92
93.04
93.16
93.32
93.36
93.44
93.6
93.64
93.76
93.84
93.92
94.04
94.12
94.16
94.2
94.32
94.4
94.48
94.56
94.6
94.64
94.68
94.76
94.8
94.88
94.88
94.84
94.84
94.8
94.8
94.8
94.8
94.84
94.88
94.84
94.8
94.8
94.8
94.8
94.8
94.76
94.76
94.76
94.76
94.84
94.92
95.0
95.12
95.28
95.44
95.68
95.96
96.16
96.36
96.6
96.8
97.0
97.2
97.4
97.64
97.88
98.08
98.28
98.48
98.68
98.88
99.08
99.28
99.48
99.6
99.76
100.0
100.04
100.2
100.24
100.32
100.4
100.52
100.64
100.76
100.88
101.04
101.28
101.56
101.84
102.12
102.4
102.64
102.88
103.04
103.2
103.36
103.52
103.64
103.8
103.92
103.96
104.12
104.16
104.36
104.52
104.68
104.88
105.08
105.28
105.48
105.64
105.72
105.76
105.8
105.84
105.88
105.96
106.08
106.28
106.48
106.68
106.84
107.08
107.24
107.4
107.56
107.72
107.92
108.04
108.2
108.32
108.4
108.52
108.56
108.64
108.72
108.8
108.88
108.96
109.04
109.12
109.2
109.24
109.28
109.32
109.36
109.44
109.48
109.56
109.68
109.84
109.96
110.04
110.12
110.16
110.24
110.32
110.36
110.52
110.56
110.68
110.72
110.76
110.8
110.84
110.96
111.08
111.2
111.24
111.36
111.48
111.52
111.64
111.76
111.84
111.88
111.88
111.96
112.04
112.12
112.24
112.36
112.44
112.44
112.52
112.52
112.64
112.76
112.84
112.92
112.92
112.92
112.92
113.0
113.04
113.04
113.12
113.12
113.12
113.12
113.16
113.28
113.32
113.32
113.36
113.36
113.36
113.4
113.44
113.48
113.52
113.52
113.52
113.6
113.64
113.68
113.72
113.8
113.88
113.92
114.0
114.08
114.16
114.24
114.32
114.36
114.4
114.44
114.52
114.56
114.6
114.64
114.68
114.72
114.76
114.8
114.84
114.84
114.8
114.76
114.76
114.76
114.76
114.76
114.76
114.76
114.76
114.8
114.84
114.88
114.92
115.0
115.08
115.16
115.2
115.24
115.28
115.36
115.44
115.52
115.6
115.64
115.72
115.8
115.92
116.0
116.08
116.12
116.16
116.2
116.28
116.36
116.4
116.4
116.4
116.4
116.36
116.32
116.28
116.32
116.36
116.44
116.48
116.52
116.64
116.64
116.68
116.76
116.84
116.92
116.96
117.04
117.2
117.28
117.44
117.56
117.68
117.72
117.8
117.88
117.96
118.04
118.08
118.12
118.12
118.12
118.04
117.96
117.92
117.76
117.72
117.68
117.6
117.52
117.44
117.4
117.32
117.16
117.08
116.92
116.8
116.68
116.64
116.56
116.48
116.44
116.44
116.48
116.44
116.44
116.44
116.48
116.52
116.56
116.64
116.72
116.8
116.88
116.96
117.08
117.2
117.28
117.36
117.44
117.52
117.56
117.68
117.8
117.96
118.12
118.24
118.32
118.4
118.56
118.72
118.88
119.04
119.2
119.32
119.48
119.6
119.72
119.84
119.96
120.08
120.2
120.32
120.44
120.6
120.76
120.92
121.0
121.04
121.08
121.12
121.16
121.24
121.32
121.4
121.44
121.52
121.56
121.6
121.64
121.68
121.72
121.76
121.84
121.88
121.92
121.92
121.96
122.0
122.04
122.08
122.12
122.16
122.24
122.28
122.36
122.44
122.44
122.44
122.44
122.44
122.4
122.44
122.48
122.52
122.52
122.56
122.6
122.6
122.64
122.64
122.68
122.72
122.76
122.72
122.68
122.64
122.64
122.64
122.68
122.64
122.6
122.6
122.6
122.6
122.6
122.6
122.56
122.52
122.48
122.48
122.48
122.48
122.48
122.44
122.44
122.44
122.44
122.44
122.48
122.52
122.56
122.56
122.56
122.56
122.6
122.64
122.68
122.72
122.76
122.76
122.76
122.76
122.76
122.76
122.72
122.68
122.64
122.6
122.6
122.56
122.52
122.48
122.44
122.4
122.36
122.32
122.28
122.24
122.2
122.16
122.12
122.08
122.04
122.0
122.0
122.0
122.0
122.0
122.0
122.0
122.0
122.0
122.0
122.0
122.0
122.0
121.96
121.96
121.96
121.96
121.92
121.92
121.92
121.88
121.84
121.76
121.68
121.6
121.52
121.44
121.36
121.36
121.4
121.44
121.52
121.6
121.72
121.84
121.96
122.08
122.16
122.32
122.4
122.48
122.56
122.68
122.76
122.84
122.96
123.08
123.24
123.4
123.56
123.72
123.88
124.04
124.12
124.2
124.24
124.24
124.24
124.2
124.16
124.12
124.08
124.08
124.04
124.04
124.04
124.0
124.0
124.0
124.0
124.0
124.0
124.0
124.0
124.0
124.0
124.0
124.0
124.0
123.92
123.88
123.88
123.88
123.88
123.88
123.88
123.88
123.88
123.88
123.88
123.88
123.92
123.92
123.92
123.92
123.92
123.92
123.92
123.92
123.92
123.92
123.92
123.92
123.92
123.96
124.0
124.0
124.04
124.04
124.04
124.04
124.04
124.04
124.04
124.04
124.04
124.04
124.04
124.04
124.04
124.04
124.04
124.04
124.04
124.04
124.04
124.04
124.04
124.04
124.04
124.04
124.04
124.0
124.0
124.0
124.0
124.0
124.0
124.0
124.0
124.0
124.0
124.0
124.0
124.0
124.0
124.0
124.0
124.0
124.0
124.0
124.0
124.0
124.0
124.0
124.0
124.0
124.0
124.0
124.04
124.08
124.12
124.16
124.2
124.24
124.28
124.32
124.32
124.32
124.32
124.32
124.32
124.32
124.32
124.32
124.32
124.32
124.32
124.32
124.32
124.32
124.32
124.32
124.32
124.28
124.24
124.2
124.16
124.12
124.08
124.04
124.0
124.0
124.0
124.0
124.0
124.0
124.0
124.04
124.08
124.12
124.12
124.16
124.2
124.24
124.28
124.32
124.36
124.44
124.48
124.48
124.48
124.48
124.48
124.52
124.56
124.6
124.64
124.68
124.72
124.76
124.8
124.84
124.84
124.84
124.84
124.88
124.88
124.88
124.88
124.88
124.88
124.88
124.84
124.88
124.96
125.04
125.12
125.2
125.24
125.28
125.32
125.36
125.4
125.44
125.48
125.52
125.56
125.6
125.64
125.68
125.72
125.76
125.8
125.92
126.04
126.16
126.28
126.36
126.4
126.44
126.48
126.48
126.56
126.6
126.68
126.76
126.8
126.88
126.92
126.96
126.92
126.88
126.84
126.8
126.8
126.8
126.8
126.8
126.8
126.8
126.68
126.68
126.68
126.68
126.72
126.76
126.84
126.8
126.8
126.68
126.64
126.64
126.64
126.6
126.56
126.6
126.64
126.68
126.72
126.72
126.72
126.72
126.68
126.56
126.44
126.44
126.32
126.24
126.16
126.04
125.96
125.88
125.84
125.76
125.76
125.68
125.6
125.48
125.44
125.4
125.36
125.28
125.2
125.12
125.04
124.96
124.92
124.92
124.88
124.84
124.8
124.76
124.72
124.72
124.68
124.6
124.52
124.44
124.4
124.36
124.32
124.28
124.28
124.28
124.28
124.28
124.32
124.36
124.4
124.44
124.48
124.48
124.48
124.52
124.56
124.6
124.64
124.68
124.64
124.68
124.72
124.76
124.8
124.84
124.88
124.92
124.96
124.96
124.96
124.96
125.0
125.04
125.08
125.08
125.08
125.08
125.08
125.08
125.12
125.16
125.16
125.16
125.16
125.2
125.2
125.2
125.2
125.2
125.2
125.2
125.2
125.16
125.12
125.08
125.04
124.96
124.88
124.8
124.76
124.72
124.68
124.64
124.56
124.44
124.32
124.24
124.16
124.08
124.0
123.92
123.84
123.76
123.68
123.6
123.52
123.44
123.4
123.36
123.28
123.2
123.16
123.12
123.08
123.04
123.0
123.0
123.0
123.0
123.0
123.0
123.0
123.0
123.0
122.96
122.92
122.92
122.92
122.92
122.92
122.92
122.92
122.92
122.92
122.96
123.0
123.0
123.0
123.0
123.0
123.04
123.04
123.04
123.08
123.12
123.16
123.2
123.24
123.28
123.36
123.44
123.48
123.52
123.56
123.6
123.64
123.68
123.72
123.76
123.8
123.84
123.88
123.92
123.96
124.0
124.0
124.0
124.0
124.0
124.0
124.0
124.0
124.0
124.0
123.96
123.92
123.88
123.84
123.8
123.76
123.72
123.68
123.68
123.68
123.72
123.76
123.88
124.0
124.04
124.08
124.08
124.08
124.12
124.16
124.2
124.24
124.28
124.36
124.44
124.52
124.6
124.68
124.76
124.84
124.92
125.0
125.12
125.16
125.2
125.16
125.12
125.0
124.84
124.76
124.68
124.64
124.6
124.48
124.36
124.28
124.2
124.12
124.0
123.84
123.68
123.52
123.32
123.12
122.92
122.8
122.68
122.56
122.48
122.4
122.4
122.4
122.4
122.44
122.48
122.52
122.56
122.6
122.68
122.76
122.8
122.84
122.88
122.96
123.08
123.24
123.4
123.56
123.72
123.88
123.96
124.04
124.08
124.12
124.16
124.16
124.16
124.16
124.16
124.16
124.16
124.16
124.16
124.16
124.16
124.16
124.16
124.16
124.12
124.08
124.04
124.0
124.0
124.0
124.0
124.0
124.0
124.0
124.0
124.0
124.0
124.0
124.0
124.0
124.0
124.0
124.0
124.0
124.0
124.0
124.0
124.0
124.0
124.0
124.0
124.0
124.0
124.0
124.0
124.0
124.0
124.0
124.0
124.0
124.0
124.04
124.08
124.12
124.12
124.16
124.2
124.24
124.28
124.32
124.36
124.4
124.44
124.48
124.52
124.56
124.6
124.64
124.68
124.72
124.76
124.8
124.84
124.88
124.88
124.88
124.88
124.88
124.88
124.92
124.92
124.92
124.92
124.92
124.92
124.92
124.92
124.92
124.92
124.92
124.92
124.92
124.92
124.92
124.92
124.92
124.92
124.92
124.92
124.92
124.96
124.96
124.96
124.96
124.96
124.96
124.96
124.96
124.96
124.96
124.96
124.96
124.96
124.96
124.96
124.96
124.96
124.96
124.96
124.96
124.96
124.96
124.96
124.96
125.0
125.0
125.0
125.0
125.0
125.0
125.0
125.0
125.0
125.0
125.0
125.0
125.0
125.0
125.0
125.0
125.0
125.0
125.0
125.0
125.0
125.0
125.0
125.0
125.0
125.0
125.0
125.0
125.0
125.0
125.0
125.0
125.0
125.0
125.0
125.0
125.0
125.0
125.0
125.0
125.0
125.0
125.0
125.0
125.0
125.0
125.0
125.0
125.0
125.0
125.0
125.0
125.0
125.0
125.0
125.0
125.0
125.0
125.0
125.0
125.0
125.0
125.0
125.0
125.0
125.0
125.0
125.0
125.0
125.0
125.0
125.0
125.0
125.0
125.0
125.0
125.0
125.0
125.0
125.0
125.0
125.0
125.0
125.0
125.0
125.0
125.0
125.0
125.0
125.0
125.0
125.0
125.0
125.0
125.0
125.0
124.96
124.96
124.96
124.96
124.96
124.96
124.96
124.96
124.96
124.96
124.96
124.96
124.96
124.96
124.92
124.88
124.84
124.8
124.8
124.8
124.8
124.8
124.8
124.76
124.72
124.72
124.68
124.64
124.6
124.56
124.52
124.48
124.44
124.4
124.36
124.32
124.28
124.24
124.2
124.2
124.2
124.2
124.2
124.16
124.12
124.08
124.04
124.0
124.0
124.0
124.0
124.0
124.0
124.0
124.0
124.0
124.0
124.0
124.0
124.0
124.0
124.0
124.0
124.0
124.0
124.0
124.0
124.0
124.0
124.0
124.0
124.0
124.0
124.0
124.0
124.0
124.0
124.0
124.0
124.0
124.0
124.0
124.0
124.0
124.0
124.0
124.0
124.0
124.0
124.0
124.0
124.04
124.08
124.12
124.16
124.2
124.24
124.28
124.32
124.36
124.4
124.44
124.48
124.6
124.64
124.68
124.72
124.76
124.8
124.84
124.88
124.92
124.96
125.0
125.04
125.08
125.08
125.08
125.16
125.24
125.24
125.24
125.24
125.24
125.24
125.24
125.24
125.24
125.16
125.16
125.16
125.16
125.16
125.16
125.16
125.12
125.08
125.04
125.0
124.96
124.92
124.88
124.84
124.72
124.64
124.64
124.64
124.64
124.64
124.64
124.64
124.64
124.64
124.64
124.64
124.64
124.64
124.64
124.64
124.64
124.68
124.72
124.76
124.8
124.84
124.88
124.92
124.96
125.0
125.0
125.0
125.0
125.0
125.0
125.0
125.0
125.0
125.0
125.0
124.96
124.92
124.88
124.84
124.76
124.68
124.6
124.52
124.44
124.4
124.36
124.36
124.36
124.36
124.44
124.52
124.6
124.68
124.76
124.84
124.92
125.0
125.08
125.16
125.24
125.36
125.48
125.6
125.72
125.8
125.88
125.96
126.04
126.12
126.24
126.36
126.44
126.52
126.6
126.6
126.6
126.52
126.44
126.36
126.36
126.36
126.36
126.36
126.36
126.36
126.36
126.36
126.36
126.28
126.28
126.28
126.28
126.28
126.28
126.2
126.12
126.04
125.96
125.88
125.8
125.72
125.72
125.72
125.72
125.64
125.56
125.48
125.4
125.32
125.2
125.08
124.96
124.84
