70.04
70.04
69.96
69.88
69.72
70.0
70.84
70.8
70.72
70.64
70.56
70.48
70.52
70.44
70.4
70.44
69.16
68.0
67.36
67.12
67.04
66.96
66.88
66.76
66.68
66.64
66.56
66.52
66.48
66.52
66.16
65.24
65.2
65.2
65.24
65.24
65.24
65.2
65.2
65.24
65.16
65.12
65.0
64.92
64.88
64.8
64.84
64.84
64.88
65.0
65.08
65.16
65.16
65.08
65.08
65.0
65.0
65.04
66.6
68.64
70.88
73.56
75.64
77.4
78.24
78.28
78.36
78.36
78.32
78.28
78.32
78.2
78.12
78.08
78.0
77.92
77.84
77.84
77.92
77.92
77.96
77.92
77.96
76.4
74.32
72.08
69.4
67.28
65.76
66.56
66.8
66.84
66.96
67.04
67.12
67.12
67.24
67.28
67.28
67.28
67.24
67.2
67.28
67.4
67.44
67.64
68.04
69.96
71.2
72.36
72.68
72.68
72.68
72.48
70.88
70.68
70.68
70.72
70.72
70.76
70.8
70.72
70.76
70.68
70.56
70.6
70.64
70.6
70.52
70.52
70.32
69.96
68.0
66.8
65.68
66.56
68.12
69.84
72.28
73.88
75.92
76.28
76.68
76.68
76.68
76.68
76.72
76.72
76.84
76.92
76.92
77.16
77.36
77.44
77.64
77.88
78.2
78.48
78.72
78.96
78.08
76.64
75.04
72.76
71.24
69.28
69.0
68.6
68.68
68.76
68.76
68.84
68.84
68.92
68.92
69.04
68.84
68.64
68.64
68.52
68.36
68.12
67.92
67.76
67.56
67.32
67.4
67.4
67.32
67.28
67.24
67.2
67.2
67.24
67.2
67.2
67.16
67.2
67.16
67.2
67.16
67.2
67.24
67.2
67.16
67.16
67.2
67.2
67.16
67.16
67.16
67.04
67.04
67.0
67.0
67.0
67.0
67.04
67.04
67.08
67.24
67.36
67.48
67.64
67.84
67.96
68.08
68.12
68.16
68.2
68.24
68.24
68.28
68.32
68.36
68.4
68.44
68.48
68.48
68.48
68.52
68.56
68.56
68.56
68.56
68.44
68.32
68.2
68.04
67.92
67.84
67.76
67.76
67.84
67.92
67.92
67.92
67.92
67.92
67.92
67.88
67.88
67.88
67.92
67.96
67.92
67.88
67.84
67.76
67.72
67.72
67.76
67.76
67.88
67.84
67.8
67.76
67.72
67.64
67.52
67.48
67.44
67.44
67.48
67.44
67.36
67.36
67.48
67.48
67.56
67.68
67.8
67.92
67.96
67.96
67.96
68.08
68.12
68.04
68.2
68.24
68.24
68.44
68.56
68.52
68.56
68.68
68.64
68.56
68.6
68.68
68.64
68.52
68.52
68.4
68.24
68.16
68.16
68.16
68.2
68.24
68.36
68.52
68.44
68.24
68.32
68.44
68.28
68.16
68.2
68.2
68.12
68.16
68.2
68.2
68.24
68.28
68.24
68.2
68.2
68.36
68.36
68.24
68.24
68.24
68.24
68.0
67.8
67.88
67.96
67.88
67.8
67.76
67.72
67.76
67.76
67.76
67.72
67.68
67.68
67.68
67.64
67.64
67.64
67.68
67.6
67.6
67.72
67.84
67.92
67.92
67.92
67.96
68.04
68.12
68.12
68.2
68.24
68.28
68.36
68.44
68.52
68.64
68.76
68.76
68.76
68.8
68.84
68.88
68.88
68.88
68.88
68.76
68.64
68.64
68.64
68.64
68.64
68.56
68.48
68.48
68.4
68.4
68.48
68.48
68.4
68.28
68.16
68.08
68.04
68.0
68.0
68.0
68.0
68.0
68.0
68.0
68.04
68.16
68.08
68.04
68.0
67.96
67.96
67.96
67.96
67.92
67.88
67.76
67.68
67.68
67.72
67.76
67.76
67.76
67.76
67.76
67.84
67.84
67.84
67.84
67.84
67.84
67.76
67.76
67.8
67.84
67.96
67.96
68.04
68.12
68.16
68.28
68.4
68.4
68.4
68.4
68.4
68.4
68.52
68.64
68.72
68.72
68.8
68.88
68.96
69.04
69.12
69.12
69.12
69.12
69.2
69.12
69.12
69.04
68.96
68.96
68.84
68.76
68.76
68.76
68.76
68.84
68.84
68.76
68.68
68.56
68.44
68.32
68.2
68.12
68.04
67.96
67.92
67.92
67.92
67.92
68.0
68.08
68.16
68.24
68.32
68.36
68.36
68.36
68.36
68.36
68.28
68.24
68.2
68.16
68.16
68.16
68.2
68.24
68.32
68.48
68.56
68.72
68.76
68.84
68.84
68.84
68.84
68.88
68.92
68.96
69.08
69.2
69.28
69.36
69.48
69.6
69.8
70.0
70.16
70.32
70.48
70.64
70.76
70.8
70.76
70.8
70.8
70.88
70.92
70.96
71.0
71.04
71.08
71.12
71.16
71.12
71.12
71.16
71.2
71.16
71.16
71.08
71.0
70.96
70.92
70.92
70.84
70.8
70.8
70.8
70.84
70.84
70.84
70.84
70.84
70.84
70.84
70.84
70.8
70.8
70.88
70.88
70.88
70.92
71.0
71.04
71.12
71.2
71.28
71.36
71.4
71.48
71.56
71.6
71.64
71.64
71.68
71.72
71.72
71.76
71.8
71.84
71.88
71.96
72.0
72.04
72.12
72.2
72.2
72.24
72.28
72.32
72.36
72.4
72.44
72.48
72.48
72.52
72.52
72.52
72.52
72.52
72.52
72.56
72.56
72.56
72.56
72.52
72.48
72.44
72.44
72.4
72.36
72.36
72.36
72.32
72.32
72.32
72.32
72.28
72.24
72.24
72.2
72.2
72.2
72.2
72.2
72.24
72.28
72.32
72.36
72.36
72.36
72.36
72.4
72.4
72.44
72.48
72.52
72.52
72.56
72.56
72.56
72.6
72.68
72.76
72.84
72.92
73.0
73.04
73.08
73.12
73.12
73.12
73.12
73.12
73.16
73.24
73.32
73.36
73.4
73.44
73.48
73.52
73.56
73.6
73.64
73.68
73.68
73.68
73.68
73.72
73.76
73.8
73.88
73.96
74.04
74.12
74.2
74.28
74.36
74.44
74.48
74.48
74.48
74.48
74.52
74.56
74.6
74.64
74.68
74.72
74.76
74.8
74.84
74.88
74.88
74.88
74.88
74.88
74.88
74.88
74.88
74.88
74.88
74.88
74.88
74.88
74.92
74.96
75.0
75.0
75.0
75.0
75.0
75.0
75.0
75.0
75.0
75.08
75.2
75.32
75.44
75.56
75.68
75.8
75.88
75.96
76.04
76.12
76.24
76.36
76.44
76.56
76.68
76.8
76.92
77.04
77.16
77.28
77.4
77.56
77.68
77.8
77.84
77.88
77.88
77.88
77.88
77.88
77.88
77.92
77.96
78.0
78.04
78.04
78.04
78.08
78.12
78.16
78.2
78.24
78.28
78.32
78.36
78.4
78.4
78.44
78.48
78.52
78.56
78.64
78.72
78.76
78.8
78.84
78.92
79.0
79.04
79.12
79.2
79.28
79.36
79.4
79.44
79.48
79.52
79.56
79.6
79.64
79.68
79.72
79.76
79.8
79.84
79.84
79.84
79.84
79.88
79.96
80.04
80.08
80.16
80.28
80.32
80.4
80.52
80.6
80.68
80.76
80.84
80.88
81.0
81.08
81.12
81.2
81.28
81.32
81.4
81.48
81.56
81.64
81.8
81.96
82.08
82.2
82.32
82.4
82.48
82.6
82.68
82.72
82.8
82.88
82.96
82.96
83.0
82.96
83.04
83.08
83.08
83.16
83.28
83.36
83.48
83.6
83.72
83.76
83.8
83.84
83.88
83.92
84.04
84.16
84.24
84.32
84.4
84.48
84.56
84.64
84.8
84.96
85.12
85.2
85.32
85.44
85.52
85.56
85.6
85.6
85.6
85.64
85.68
85.76
85.8
85.88
85.92
85.92
85.92
85.96
86.0
86.04
86.12
86.2
86.28
86.36
86.4
86.44
86.52
86.64
86.76
86.8
86.88
86.96
87.04
87.12
87.2
87.28
87.28
87.32
87.36
87.44
87.52
87.56
87.6
87.64
87.72
87.76
87.8
87.84
87.84
87.92
88.0
88.04
88.08
88.12
88.2
88.28
88.4
88.48
88.56
88.6
88.64
88.72
88.8
88.84
88.88
88.88
88.96
89.04
89.12
89.16
89.2
89.2
89.2
89.24
89.24
89.24
89.28
89.32
89.36
89.4
89.48
89.48
89.56
89.64
89.72
89.76
89.84
89.92
90.0
90.08
90.16
90.2
90.24
90.28
90.32
90.36
90.44
90.52
90.6
90.68
90.76
90.8
90.92
91.04
91.16
91.24
91.28
91.28
91.28
91.28
91.32
91.32
91.32
91.32
91.32
91.32
91.32
91.4
91.48
91.56
91.64
91.68
91.72
91.76
91.8
91.88
91.92
91.88
91.92
91.96
91.96
92.08
92.2
92.32
92.44
92.56
92.68
92.8
92.88
93.0
93.12
93.24
93.28
93.36
93.4
93.48
93.6
93.72
93.84
93.96
94.04
94.16
94.28
94.32
94.32
94.4
94.44
94.48
94.52
94.56
94.6
94.6
94.6
94.72
94.72
94.72
94.72
94.72
94.72
94.76
94.76
94.76
94.76
94.76
94.76
94.72
94.72
94.72
94.72
94.76
94.76
94.76
94.8
94.8
94.8
94.8
94.84
94.92
94.88
94.92
95.0
95.08
95.12
95.12
95.16
95.2
95.24
95.28
95.32
95.36
95.44
95.52
95.56
95.6
95.64
95.68
95.72
95.72
95.76
95.8
95.84
95.88
95.88
95.92
95.96
96.0
96.04
96.12
96.2
96.24
96.28
96.32
96.36
96.4
96.44
96.48
96.48
96.52
96.56
96.6
96.64
96.68
96.72
96.76
96.8
96.84
96.88
97.0
97.12
97.24
97.32
97.32
97.32
97.32
97.4
97.48
97.56
97.64
97.72
97.8
97.88
97.96
98.04
98.12
98.2
98.28
98.36
98.44
98.52
98.64
98.76
98.88
98.92
98.92
98.96
99.0
99.12
99.24
99.36
99.4
99.44
99.48
99.52
99.56
99.6
99.64
99.68
99.72
99.76
99.8
99.84
99.88
99.92
99.96
99.96
99.96
100.0
100.04
100.12
100.16
100.2
100.24
100.28
100.32
100.36
100.4
100.44
100.48
100.52
100.56
100.6
100.64
100.72
100.76
100.8
100.88
100.92
101.0
101.04
101.08
101.16
101.2
101.24
101.28
101.32
101.36
101.4
101.44
101.48
101.52
101.56
101.6
101.64
101.68
101.72
101.76
101.8
101.8
101.84
101.88
101.88
101.96
102.0
102.04
102.08
102.08
102.12
102.16
102.2
102.24
102.28
102.32
102.36
102.4
102.44
102.48
102.52
102.56
102.6
102.64
102.68
102.72
102.76
102.8
102.84
102.92
102.96
102.96
103.0
103.04
103.08
103.08
103.08
103.08
103.12
103.16
103.2
103.24
103.28
103.32
103.36
103.4
103.44
103.48
103.52
103.56
103.68
103.8
103.92
104.04
104.04
104.04
104.04
104.04
104.04
104.04
104.04
104.04
104.0
103.92
103.84
103.76
103.68
103.6
103.52
103.44
103.36
103.28
103.2
103.12
103.04
102.88
102.72
102.56
102.4
102.36
102.32
102.32
102.28
102.24
102.2
102.16
102.16
102.2
102.24
102.28
102.32
102.4
102.48
102.56
102.64
102.72
102.8
102.88
102.96
103.04
103.12
103.2
103.28
103.36
103.4
103.4
103.4
103.44
103.48
103.52
103.56
103.56
103.52
103.48
103.44
103.48
103.48
103.48
103.48
103.48
103.48
103.44
103.44
103.44
103.44
103.44
103.44
103.44
103.44
103.44
103.56
103.68
103.8
103.92
103.96
104.08
104.2
104.36
104.44
104.52
104.52
104.48
104.48
104.56
104.68
104.84
105.08
105.28
105.52
105.76
106.0
106.2
106.4
106.56
106.72
106.8
106.88
106.96
107.04
107.2
107.28
107.36
107.44
107.64
107.84
108.04
108.28
108.48
108.6
108.68
108.72
108.72
108.72
108.68
108.6
108.56
108.56
108.56
108.6
108.64
108.68
108.72
108.76
108.8
108.88
108.92
108.96
109.0
109.0
109.04
109.08
109.08
109.08
109.08
109.08
109.08
109.12
109.16
109.2
109.28
109.32
109.36
109.4
109.44
109.48
109.52
109.52
109.52
109.56
109.56
109.6
109.64
109.68
109.72
109.72
109.72
109.76
109.8
109.84
109.88
109.92
109.96
110.0
110.04
110.08
110.08
110.08
110.08
110.08
110.08
110.08
110.12
110.16
110.16
110.2
110.2
110.24
110.28
110.32
110.36
110.4
110.44
110.48
110.48
110.52
110.56
110.56
110.56
110.56
110.56
110.6
110.64
110.68
110.72
110.84
110.96
111.0
111.04
111.08
111.08
111.12
111.12
111.12
111.12
111.12
111.12
111.12
111.12
111.24
111.32
111.32
111.32
111.32
111.32
111.32
111.32
111.32
111.32
111.32
111.24
111.16
111.16
111.24
111.32
111.4
111.48
111.56
111.64
111.72
111.72
111.72
111.72
111.72
111.72
111.72
111.8
111.88
111.96
112.08
112.16
112.28
112.36
112.44
112.52
112.64
112.76
112.84
112.84
112.88
112.92
112.92
112.92
112.92
112.92
113.04
113.16
113.32
113.48
113.56
113.64
113.72
113.76
113.8
113.8
113.84
113.84
113.88
113.96
114.04
114.08
114.08
114.16
114.24
114.28
114.28
114.36
114.44
114.52
114.6
114.64
114.68
114.68
114.68
114.64
114.6
114.6
114.64
114.68
114.72
114.76
114.8
114.84
114.84
114.84
114.84
114.88
114.88
114.88
114.88
114.92
114.92
114.92
114.92
114.92
114.92
114.92
114.92
114.92
114.96
115.0
115.0
115.0
115.0
115.0
114.96
114.96
114.96
114.96
114.96
115.0
115.0
115.04
115.04
115.08
115.12
115.12
115.12
115.08
115.12
115.16
115.16
115.2
115.24
115.28
115.32
115.36
115.4
115.44
115.48
115.56
115.6
115.64
115.68
115.72
115.72
115.76
115.76
115.76
115.72
115.68
115.68
115.68
115.72
115.68
115.64
115.64
115.6
115.56
115.52
115.48
115.48
115.44
115.4
115.36
115.32
115.28
115.24
115.2
115.2
115.2
115.16
115.16
115.2
115.28
115.36
115.44
115.52
115.6
115.6
115.6
115.6
115.6
115.6
115.6
115.6
115.56
115.6
115.64
115.72
115.8
115.88
115.96
116.04
116.04
116.04
116.08
116.08
116.08
116.04
116.0
115.96
115.92
115.88
115.92
115.96
116.0
116.08
116.16
116.2
116.24
116.28
116.28
116.28
116.24
116.2
116.16
116.12
116.08
116.08
116.08
116.08
116.16
116.24
116.24
116.24
116.24
116.24
116.24
116.24
116.24
116.24
116.2
116.16
116.16
116.16
116.16
116.16
116.16
116.16
116.2
116.24
116.28
116.32
116.32
116.32
116.32
116.24
116.16
116.16
116.16
116.16
116.16
116.16
116.16
116.16
116.2
116.24
116.28
116.32
116.36
116.36
116.4
116.4
116.4
116.36
116.32
116.28
116.28
116.32
116.36
116.36
116.36
116.36
116.36
116.4
116.44
116.48
116.52
116.56
116.6
116.6
116.6
116.6
116.6
116.6
116.64
116.64
116.68
116.72
116.76
116.8
116.84
116.84
116.84
116.84
116.88
116.92
116.96
117.0
117.0
117.0
117.0
117.0
117.0
117.0
117.0
117.0
117.0
117.0
117.0
117.0
117.0
117.0
117.0
117.0
117.0
117.0
117.0
117.0
117.0
117.0
117.0
117.0
117.0
117.0
117.0
117.0
117.0
117.0
117.0
117.0
117.0
117.0
117.0
117.0
117.0
117.0
117.0
117.04
117.08
117.12
117.16
117.2
117.24
117.28
117.32
117.36
117.4
117.44
117.48
117.52
117.56
117.6
117.64
117.68
117.72
117.76
117.8
117.84
117.88
117.92
117.96
118.0
118.0
118.0
117.96
117.92
117.88
117.84
117.84
117.84
117.84
117.84
117.84
117.84
117.84
117.84
117.84
117.84
117.84
117.84
117.84
117.84
117.84
117.84
117.84
117.84
117.84
117.92
118.0
118.04
118.08
118.12
118.16
118.16
118.16
118.16
118.16
118.16
118.16
118.16
118.16
118.16
118.16
118.16
118.16
118.16
118.16
118.16
118.24
118.32
118.4
118.48
118.48
118.48
118.56
118.56
118.56
118.56
118.56
118.56
118.56
118.56
118.56
118.56
118.56
118.56
118.56
118.64
118.72
118.8
118.88
118.96
119.04
119.04
119.04
119.04
119.04
119.04
119.04
119.04
119.12
119.2
119.28
119.36
119.44
119.52
119.52
119.52
119.6
119.6
119.68
119.68
119.6
119.52
119.44
119.44
119.44
119.44
119.44
119.44
119.44
119.44
119.44
119.44
119.44
119.44
119.44
119.44
119.44
119.44
119.44
119.52
119.6
119.6
119.68
119.68
119.76
119.84
119.92
120.0
120.0
120.0
120.0
120.0
120.0
120.0
120.0
119.92
119.84
119.84
119.84
119.84
119.84
119.84
119.84
119.84
119.84
119.84
119.84
119.84
119.84
119.84
119.84
119.84
119.84
119.84
119.84
119.84
119.84
119.84
119.84
119.84
119.92
120.0
120.0
120.0
120.0
120.0
120.0
120.0
120.0
120.0
120.0
120.0
120.0
120.0
120.04
120.08
120.12
120.12
120.16
120.2
120.24
120.24
120.24
120.28
120.28
120.28
120.32
120.36
120.4
120.4
120.4
120.44
120.48
120.52
120.56
120.6
120.64
120.68
120.72
120.72
120.72
120.72
120.76
120.76
120.76
120.72
120.72
120.72
120.68
120.68
120.72
120.72
120.72
120.72
120.72
120.76
120.76
120.76
120.76
120.72
120.68
120.64
120.64
120.64
120.64
120.64
120.6
120.6
120.6
120.6
120.64
120.68
120.72
120.76
120.8
120.8
120.8
120.84
120.88
120.92
120.92
120.92
120.92
120.92
120.96
120.96
120.96
120.92
120.88
120.84
120.8
120.84
120.84
120.88
120.92
120.96
121.0
121.04
121.04
121.04
121.08
121.12
121.12
121.12
121.16
121.16
121.16
121.16
121.16
121.16
121.2
121.28
121.32
121.36
121.4
121.44
121.44
121.44
121.44
121.4
121.4
121.36
121.28
121.28
121.24
121.2
121.16
121.12
121.08
121.04
121.04
121.04
121.04
121.04
121.04
121.04
121.0
121.0
121.0
121.0
121.0
121.0
121.0
120.96
120.96
120.92
120.92
120.96
120.96
121.0
121.0
121.0
121.0
121.0
121.0
121.0
121.04
121.04
121.04
121.04
121.08
121.08
121.08
121.08
121.08
121.08
121.08
121.12
121.16
121.2
121.24
121.32
121.32
121.32
121.32
121.32
121.32
121.32
121.32
121.32
121.32
121.28
121.28
121.28
121.28
121.28
121.32
121.36
121.4
121.4
121.4
121.4
121.36
121.32
121.28
121.24
121.16
121.16
121.16
121.16
121.16
121.16
121.16
121.16
121.16
121.2
121.24
121.28
121.32
121.36
121.36
121.36
121.32
121.28
121.28
121.28
121.28
121.28
121.32
121.36
121.36
121.4
121.4
121.4
121.4
121.4
121.4
121.4
121.4
121.4
121.36
121.32
121.28
121.24
121.2
121.16
121.12
121.12
121.12
121.12
121.12
121.12
121.12
121.08
121.04
121.04
121.0
121.0
121.0
121.0
121.0
121.0
121.0
121.0
121.0
121.0
121.0
121.0
121.0
121.0
121.04
121.08
121.12
121.16
121.2
121.24
121.28
121.32
121.36
121.4
121.44
121.48
121.52
121.56
121.56
121.6
121.64
121.68
121.72
121.76
121.8
121.84
121.88
121.92
121.96
121.96
121.96
121.96
121.96
121.96
121.96
121.96
121.96
121.96
121.96
121.96
121.96
121.92
121.88
121.88
121.84
121.84
121.8
121.76
121.76
121.76
121.76
121.76
121.76
121.76
121.76
121.76
121.72
121.72
121.72
121.72
121.72
121.72
121.72
121.72
121.72
121.72
121.76
121.76
121.76
121.8
121.8
121.84
121.84
121.84
121.84
121.84
121.84
121.8
121.76
121.72
121.68
121.68
121.64
121.6
121.56
121.52
121.48
121.44
121.4
121.36
121.32
121.28
121.28
121.28
121.24
121.2
121.16
121.16
121.12
121.08
121.04
121.0
121.0
121.0
121.0
121.0
121.0
121.0
121.0
121.0
121.0
121.0
121.0
121.0
121.0
121.0
121.04
121.08
121.12
121.16
121.2
121.24
121.28
121.32
121.36
121.4
121.44
121.48
121.52
121.56
121.6
121.64
121.68
121.72
121.76
121.8
121.84
121.92
121.96
122.0
122.04
122.04
122.08
122.12
122.12
122.12
122.12
122.12
122.12
122.12
122.12
122.12
122.12
122.12
122.12
122.12
122.12
122.12
122.12
122.12
122.12
122.12
122.08
122.08
122.08
122.08
122.08
122.04
122.0
122.0
122.0
122.0
122.0
122.0
122.0
122.0
122.0
122.0
122.0
122.0
122.0
122.0
122.0
122.0
122.0
122.0
122.0
122.04
122.04
122.04
122.04
122.04
122.04
122.08
122.08
122.08
122.12
122.16
122.2
122.24
122.28
122.32
122.36
122.4
122.44
122.48
122.52
122.52
122.52
122.52
122.52
122.52
122.48
122.48
122.48
122.48
122.48
122.44
122.36
122.28
122.2
122.0
121.8
121.6
121.4
121.2
121.0
120.88
120.68
120.48
120.28
120.04
119.84
119.64
119.48
119.32
119.16
119.0
118.84
118.68
118.52
118.36
118.24
118.12
118.04
117.96
117.96
117.96
117.96
117.96
117.96
117.96
117.88
117.88
117.88
117.88
118.0
118.04
118.08
118.08
118.08
118.08
118.08
118.08
118.08
118.08
118.08
118.08
118.08
118.08
118.08
118.08
118.04
118.0
117.96
117.92
117.88
117.88
117.88
117.88
117.88
117.76
117.76
117.76
117.76
117.76
117.76
117.76
117.76
117.76
117.76
117.76
117.76
117.76
117.76
117.76
117.76
117.8
117.84
117.88
117.92
118.04
118.12
118.2
118.28
118.36
118.48
118.56
118.64
118.72
118.8
118.88
119.0
119.12
119.24
119.36
119.48
119.6
119.72
119.84
119.96
120.12
120.28
120.44
120.6
120.76
120.84
120.92
121.0
121.08
121.16
121.24
121.32
121.4
121.48
121.56
121.64
121.68
121.72
121.76
121.8
121.84
121.84
121.84
121.84
121.84
121.84
121.84
121.84
121.92
122.0
122.08
122.16
122.24
122.32
122.4
122.52
122.64
122.68
122.72
122.76
122.76
122.76
122.76
122.76
122.76
122.76
122.8
122.84
122.88
122.92
122.92
122.96
123.0
122.92
122.84
122.76
122.68
122.6
122.52
122.44
122.32
122.16
122.08
121.96
121.76
121.6
121.44
121.28
121.12
120.96
120.8
120.64
120.48
120.28
120.08
119.92
119.72
119.6
119.52
119.48
119.44
119.44
119.44
119.48
119.52
119.56
119.68
119.76
119.88
120.04
120.24
120.4
120.52
120.64
120.72
120.72
120.72
120.68
120.64
120.6
120.52
120.48
120.4
120.32
120.28
120.24
120.16
120.12
120.04
119.96
119.92
119.84
119.8
119.8
119.84
119.88
119.96
120.08
120.2
120.36
120.6
120.84
121.12
121.44
121.76
122.04
122.28
122.48
122.68
122.8
122.92
123.04
123.12
123.2
123.28
123.32
123.36
123.4
123.4
123.4
123.36
123.32
123.28
123.24
123.2
123.16
123.12
123.08
123.04
123.0
123.0
123.0
123.0
123.0
123.0
122.96
122.92
122.84
122.76
122.68
122.6
122.48
122.36
122.24
122.12
122.04
121.96
121.88
121.84
121.8
121.76
121.72
121.68
121.68
121.68
121.68
121.64
121.52
121.4
121.28
121.2
121.12
121.0
120.88
120.72
120.6
120.64
120.68
120.8
120.92
121.0
121.08
121.16
121.2
121.24
121.24
121.28
121.28
121.24
121.2
121.16
121.12
121.16
121.2
121.28
121.4
121.52
121.72
121.92
122.16
122.36
122.44
122.52
122.52
122.56
122.6
122.64
122.68
122.68
122.68
122.72
122.72
122.76
122.8
122.84
122.88
122.96
123.04
123.12
123.16
123.2
123.24
123.28
123.32
123.36
123.4
123.44
123.44
123.44
123.4
123.36
123.32
123.28
123.28
123.28
123.28
123.28
123.28
123.28
123.28
123.28
123.28
123.28
123.28
123.28
123.24
123.2
123.16
123.12
123.08
123.04
123.0
123.0
123.0
123.0
123.0
123.0
123.0
123.0
123.0
123.0
123.0
123.0
123.0
123.0
123.0
123.0
123.0
123.0
123.0
123.0
123.0
123.04
123.04
123.04
123.04
123.04
123.08
123.08
123.08
123.08
123.08
123.08
123.08
123.08
123.08
123.08
123.08
123.08
123.08
123.08
123.08
123.08
123.08
123.08
123.08
123.08
123.04
123.04
123.04
123.04
123.04
123.0
123.0
123.0
123.04
123.04
123.08
123.12
123.16
123.16
123.16
123.2
123.24
123.28
123.32
123.32
123.32
123.32
123.32
123.32
123.32
123.32
123.32
123.32
123.32
123.32
123.32
123.32
123.32
123.28
123.28
123.24
123.2
123.16
123.16
123.2
123.16
123.12
123.08
123.04
123.04
123.04
123.04
123.04
123.08
123.08
123.08
123.12
123.16
123.2
123.2
123.2
123.2
123.24
123.28
123.32
123.36
123.4
123.44
123.48
123.48
123.52
123.52
123.52
123.56
123.6
123.64
123.68
123.72
123.72
123.76
123.8
123.8
123.8
123.8
123.84
123.88
123.92
123.92
123.88
123.84
123.8
123.76
123.72
123.68
123.64
123.6
123.6
123.6
123.56
123.52
123.48
123.44
123.4
123.36
123.32
123.28
123.24
123.2
123.2
123.2
123.2
123.2
123.2
123.24
123.28
123.32
123.36
123.4
123.44
123.48
123.52
123.56
123.6
123.64
123.68
123.76
123.84
123.88
123.92
123.96
124.0
124.08
124.16
124.2
124.24
124.28
124.24
124.24
124.28
124.28
124.32
124.36
124.32
124.32
124.32
124.32
124.32
124.32
124.32
124.32
124.28
124.24
124.24
124.24
124.24
124.24
124.2
124.16
124.12
124.08
124.04
124.08
124.08
124.04
124.04
124.0
123.96
124.0
124.0
124.0
124.0
124.0
124.0
124.0
124.0
124.0
124.0
124.0
124.0
124.0
124.0
124.0
124.0
124.0
124.0
124.0
124.0
124.0
124.0
124.0
124.0
124.0
124.0
124.0
124.0
124.0
124.0
123.96
123.92
123.88
123.84
123.8
123.8
123.8
123.8
123.8
123.8
123.8
123.84
123.84
123.84
123.84
123.84
123.84
123.84
123.84
123.84
123.84
123.84
123.84
123.84
123.84
123.88
123.92
123.96
124.0
124.04
124.04
124.04
124.04
124.04
124.04
124.04
124.0
124.0
124.0
123.96
123.96
123.92
123.88
123.84
123.84
123.84
123.84
123.84
123.84
123.84
123.84
123.84
123.84
123.84
123.84
123.84
123.84
123.88
123.92
123.96
124.0
124.12
124.16
124.2
124.28
124.28
124.32
124.32
124.32
124.28
124.24
124.2
124.16
124.12
124.04
123.92
123.76
123.52
123.24
122.96
122.64
122.36
122.0
121.72
121.44
121.24
120.96
120.8
120.64
120.48
120.4
120.32
120.28
120.24
120.24
120.24
120.28
120.32
120.36
120.44
120.56
120.72
120.96
121.24
121.48
121.84
122.12
122.44
122.64
122.84
122.96
123.08
123.2
123.32
123.44
123.52
123.56
123.6
123.64
123.64
123.64
123.6
123.56
123.52
123.52
123.48
123.48
123.48
123.48
123.52
123.48
123.48
123.48
123.52
123.56
123.6
123.64
123.64
123.64
123.64
123.64
123.68
123.68
123.72
123.76
123.8
123.84
123.88
123.96
123.96
124.0
124.0
123.96
123.92
123.84
123.84
123.84
123.8
123.72
123.6
123.48
123.4
123.28
123.16
122.92
122.76
122.6
122.48
122.36
122.24
122.12
121.96
121.8
121.6
121.44
121.36
121.28
121.2
121.12
121.08
120.96
120.84
120.76
120.72
120.72
120.72
120.68
120.68
120.68
120.8
120.84
120.88
120.92
120.92
120.96
121.0
121.08
121.16
121.24
121.32
121.32
121.36
121.44
121.52
121.64
121.76
121.88
122.0
122.12
122.28
122.44
122.6
122.72
122.84
122.96
123.12
123.28
123.44
123.6
123.72
123.8
123.88
123.96
124.04
124.12
124.2
124.24
124.28
124.32
124.32
124.32
124.32
124.32
124.32
124.28
124.24
124.2
124.16
124.12
124.08
124.0
123.92
123.84
123.72
123.6
123.52
123.4
123.28
123.16
123.04
122.92
122.8
122.68
122.56
122.44
122.32
122.24
122.16
122.08
122.0
121.88
121.76
121.68
121.6
121.52
121.44
121.36
121.28
121.28
121.24
121.2
121.2
121.2
121.2
121.2
121.2
121.2
121.2
121.24
121.28
121.32
121.32
121.32
121.32
121.32
121.36
121.4
121.44
121.48
121.52
121.56
121.6
121.64
121.64
121.68
121.72
121.76
121.84
121.92
122.0
122.08
122.16
122.24
122.28
122.32
122.36
122.4
122.44
122.48
122.56
122.64
122.72
122.8
122.88
122.96
123.04
123.12
123.2
123.28
123.36
123.44
123.52
123.56
123.6
123.64
123.68
123.72
123.76
123.8
123.84
123.88
123.92
123.96
124.0
124.0
124.0
124.0
124.0
124.04
124.04
124.04
124.04
124.04
124.04
124.04
124.04
124.04
124.04
124.04
124.04
124.04
124.04
124.04
124.04
124.04
124.04
124.04
124.04
124.04
124.04
124.04
124.04
124.04
124.0
124.0
124.0
124.0
124.0
124.0
124.0
124.0
124.0
124.0
124.0
124.0
124.0
124.0
123.96
123.88
123.76
123.64
123.48
123.24
122.96
122.72
122.56
122.4
122.28
122.16
122.0
121.88
121.76
121.64
121.52
121.4
121.28
121.16
121.0
120.88
120.76
120.64
120.52
120.44
120.4
120.4
120.4
120.4
120.48
120.6
120.72
120.8
120.88
120.96
121.04
121.2
121.36
121.6
121.84
122.08
122.32
122.48
122.64
122.8
122.92
123.04
123.16
123.28
123.4
123.52
123.64
123.76
123.92
124.08
124.24
124.36
124.44
124.52
124.56
124.6
124.6
124.56
124.44
124.32
124.2
124.08
124.04
124.0
124.0
124.0
124.0
124.0
124.0
124.0
124.0
124.0
124.0
124.0
124.0
124.0
124.0
124.0
124.0
124.0
124.0
124.0
124.0
124.0
124.0
124.0
124.0
124.0
124.0
124.0
124.0
124.04
124.08
124.08
124.12
124.16
124.2
124.24
124.28
