58.41470085470086
58.39042735042735
58.28683760683761
58.23282051282051
58.34017094017095
58.211965811965804
58.00717948717949
57.956923076923076
57.8782905982906
57.79931623931624
57.79726495726496
57.8
57.71521367521368
57.633504273504265
57.594871794871786
57.64068376068375
57.59863247863248
57.57982905982906
57.527179487179495
57.41162393162393
57.30837606837608
57.22769230769231
57.09025641025641
56.92649572649572
56.79418803418804
56.77641025641025
56.864615384615384
56.84512820512819
56.802393162393166
56.55213675213675
56.496752136752136
56.52068376068376
56.48888888888889
56.51008547008547
56.589059829059835
56.654700854700856
56.655726495726505
56.73128205128205
56.845128205128205
56.87008547008547
56.8540170940171
56.9182905982906
56.94461538461538
56.92376068376068
56.94974358974359
56.95145299145299
56.981196581196585
57.001025641025635
56.97709401709401
57.047863247863255
57.04854700854701
56.965811965811966
56.98358974358975
56.97264957264958
56.98905982905983
57.03247863247862
57.120341880341876
57.138119658119656
57.11589743589743
57.10358974358974
57.00136752136752
56.962393162393155
56.928547008547014
56.88273504273504
56.976068376068376
57.13264957264957
57.19794871794872
57.34290598290599
57.39931623931624
57.51247863247863
57.60991452991452
57.60683760683761
57.62700854700854
57.6208547008547
57.58871794871794
57.61606837606838
57.62085470085471
57.60786324786325
57.60854700854701
57.64102564102566
57.61435897435897
57.56
57.56273504273505
57.50974358974359
57.49606837606837
57.50119658119658
57.45914529914529
57.51863247863248
57.54085470085471
57.445470085470085
57.32410256410256
57.22666666666667
57.069743589743595
57.07623931623932
56.99316239316239
56.884786324786326
56.80854700854701
56.840341880341875
56.907008547008544
56.94085470085471
56.933675213675215
56.94358974358975
56.967521367521364
56.99726495726495
56.98461538461539
57.01299145299144
57.025299145299144
57.04991452991454
57.078974358974364
57.02324786324786
57.040000000000006
57.06051282051282
56.99145299145299
56.94940170940172
56.950427350427354
56.9442735042735
56.9271794871795
56.94222222222223
56.99418803418803
57.01982905982905
57.10700854700855
57.17538461538461
57.1234188034188
57.10803418803419
57.14905982905982
57.206153846153846
57.26017094017094
57.27521367521368
57.30529914529913
57.38803418803419
57.44376068376067
57.516239316239314
57.62871794871795
57.77538461538462
57.91658119658119
58.05128205128206
58.184957264957276
58.23111111111111
58.32136752136752
58.383589743589745
58.438974358974356
58.58871794871795
58.73470085470085
58.75794871794872
58.82461538461539
58.8625641025641
58.94632478632479
59.03076923076923
59.13162393162393
59.160341880341875
59.26461538461538
59.41128205128205
59.54393162393162
59.683760683760674
59.85709401709401
60.07076923076923
60.32136752136752
60.47999999999999
60.666324786324786
60.89435897435897
61.070427350427344
61.231794871794875
61.41675213675213
61.54017094017094
61.68410256410257
61.76205128205129
61.722393162393175
61.62871794871795
61.62598290598291
61.63726495726496
61.64752136752138
61.684444444444445
61.742222222222225
61.78188034188035
61.83316239316239
61.777777777777786
61.67863247863248
61.61572649572649
61.52854700854701
61.38256410256411
61.21401709401708
60.98700854700856
60.83384615384615
60.653675213675214
60.47179487179486
60.29196581196581
60.092307692307685
59.933675213675215
59.77777777777777
59.63794871794872
59.531623931623926
59.491623931623934
59.500854700854696
59.527179487179495
59.46495726495726
59.41777777777777
59.367179487179484
59.28034188034189
59.15008547008546
59.05811965811966
58.9511111111111
58.84888888888889
58.758974358974356
58.6557264957265
58.55965811965812
58.50222222222223
58.42974358974359
58.39931623931624
58.35282051282051
58.288547008547
58.27794871794872
58.342905982905975
58.42427350427351
58.51316239316239
58.59897435897435
58.68923076923077
58.777094017094015
58.85641025641026
58.89025641025641
58.99589743589743
59.093333333333334
59.1774358974359
59.30393162393162
59.43965811965811
59.586324786324795
59.772991452991455
59.983931623931625
60.17094017094018
60.363076923076925
60.56170940170941
60.72820512820513
60.94529914529915
61.091965811965814
61.275555555555556
61.44717948717949
61.60410256410257
61.753846153846155
61.89538461538461
62.09811965811966
62.29880341880341
62.504273504273506
62.72888888888889
62.931623931623925
63.13333333333333
63.30974358974358
63.47965811965812
63.63658119658119
63.79179487179486
63.9651282051282
64.13538461538461
64.30051282051281
64.40068376068376
64.51692307692308
64.62188034188034
64.69811965811965
64.7719658119658
64.82529914529916
64.86700854700854
64.87692307692308
64.84376068376068
64.79452991452992
64.73196581196581
64.65606837606838
64.52581196581197
64.40205128205127
64.29128205128204
64.1511111111111
64.01504273504274
63.887863247863244
63.78051282051281
63.66940170940171
63.55316239316238
63.435213675213674
63.313162393162386
63.17094017094018
63.01709401709402
62.91418803418803
62.822564102564094
62.72888888888889
62.64273504273505
62.570256410256405
62.5076923076923
62.4574358974359
62.4105982905983
62.40478632478632
62.417777777777786
62.431111111111115
62.44376068376069
62.478974358974355
62.49948717948719
62.510427350427356
62.51384615384615
62.51692307692308
62.51282051282052
62.49948717948719
62.495384615384616
62.48478632478632
62.47931623931624
62.4659829059829
62.44786324786325
62.426324786324784
62.39008547008547
62.35316239316239
62.31589743589744
62.271111111111104
62.20649572649573
62.11452991452991
62.0088888888889
61.909743589743584
61.83008547008547
61.75863247863248
61.68581196581197
61.630085470085476
61.56957264957265
61.50598290598291
61.43521367521368
61.381538461538454
61.32581196581197
61.284786324786324
61.25059829059829
61.20717948717948
61.167863247863245
61.13709401709402
61.13982905982906
61.16957264957264
61.22085470085471
61.288205128205135
61.363076923076925
61.45299145299145
61.55487179487179
61.682051282051276
61.82803418803419
61.958290598290596
62.090598290598294
62.19658119658121
62.28649572649572
62.382222222222225
62.46940170940171
62.55282051282052
62.643076923076926
62.73777777777777
62.819829059829054
62.89435897435897
62.96136752136752
63.0208547008547
63.082735042735045
63.148376068376066
63.20888888888889
63.23555555555555
63.241025641025644
63.24444444444444
63.23350427350428
63.21264957264958
63.185641025641026
63.16752136752136
63.14598290598291
63.12923076923077
63.15111111111111
63.17572649572649
63.21059829059829
63.25538461538461
63.297435897435896
63.339829059829064
63.385641025641036
63.434188034188026
63.4782905982906
63.525128205128205
63.57982905982906
63.62632478632479
63.67521367521367
63.72717948717949
63.78119658119658
63.828034188034195
63.87794871794872
63.93299145299145
63.978803418803416
64.02564102564102
64.07247863247864
64.11794871794872
64.15794871794873
64.19794871794872
64.2417094017094
64.27555555555554
64.30837606837608
64.33709401709402
64.35589743589745
64.30427350427351
64.20068376068376
64.17162393162394
64.1757264957265
64.13025641025642
64.04854700854702
63.95076923076924
63.87760683760685
63.84786324786326
63.829743589743586
63.784957264957264
63.74461538461539
63.72854700854701
63.727863247863255
63.72136752136752
63.735384615384625
63.729572649572646
63.71213675213676
63.73230769230769
63.74700854700855
63.73196581196581
63.707692307692305
63.71179487179487
63.69675213675214
63.67623931623932
63.74666666666667
63.87076923076923
63.93538461538462
63.930940170940175
64.00239316239316
64.1111111111111
64.23965811965813
64.3654700854701
64.45675213675214
64.53059829059829
64.62666666666667
64.74700854700855
64.81572649572648
64.85982905982907
64.9148717948718
64.94974358974359
64.99658119658119
65.04034188034188
65.07213675213676
65.10290598290598
65.15008547008547
65.21367521367522
65.24786324786324
65.30700854700855
65.35589743589745
65.35897435897435
65.35042735042735
65.33128205128205
65.36615384615385
65.40068376068376
65.46461538461539
65.55076923076923
65.6502564102564
65.72615384615384
65.81470085470085
65.91521367521368
65.97982905982906
66.07863247863249
66.16547008547009
66.22153846153846
66.29128205128205
66.37675213675215
66.48581196581196
66.54324786324786
66.61401709401709
66.69709401709402
66.77811965811966
66.85094017094016
66.92547008547008
66.99384615384615
67.09470085470085
67.2051282051282
67.30735042735041
67.38222222222221
67.42905982905982
67.43897435897435
67.41948717948716
67.37401709401709
67.32239316239317
67.24444444444444
67.1408547008547
67.05572649572649
66.99145299145299
66.97025641025641
67.00820512820513
67.05641025641026
67.11931623931623
67.1931623931624
67.32
67.4557264957265
67.60273504273505
67.76581196581198
67.9565811965812
68.17504273504274
68.39965811965811
68.63008547008548
68.8417094017094
69.05230769230769
69.27658119658119
69.50871794871794
69.75863247863248
69.98564102564102
70.21264957264957
70.4642735042735
70.7357264957265
71.02940170940171
71.32239316239315
71.59418803418804
71.8488888888889
72.08888888888889
72.33401709401709
72.5791452991453
72.81880341880341
73.05641025641026
73.26974358974358
73.45128205128205
73.62495726495726
73.76683760683761
73.8834188034188
74.01162393162393
74.13230769230769
74.28478632478632
74.45914529914529
74.61264957264957
74.7651282051282
74.90905982905983
75.08888888888889
75.28205128205128
75.47076923076924
75.6694017094017
75.87179487179488
76.07623931623932
76.28888888888889
76.48820512820512
76.67179487179487
76.83247863247863
76.98188034188036
77.11042735042736
77.21846153846154
77.33641025641026
77.47931623931625
77.61504273504275
77.75179487179489
77.88410256410256
78.03008547008548
78.18222222222222
78.32068376068376
78.43316239316239
78.56512820512822
78.69606837606837
78.82940170940171
78.96034188034189
79.08136752136753
79.20717948717949
79.29128205128205
79.36273504273505
79.43418803418804
79.48991452991453
79.55008547008546
79.61367521367521
79.68307692307692
79.74974358974359
79.82598290598291
79.9008547008547
79.97777777777777
80.05777777777779
80.13367521367522
80.2034188034188
80.27213675213675
80.33709401709402
80.39350427350428
80.45675213675214
80.53538461538461
80.61435897435898
80.67931623931624
80.74051282051282
80.79418803418804
80.8502564102564
80.90529914529914
80.99555555555555
81.0694017094017
81.13777777777777
81.21264957264957
81.29094017094016
81.36478632478632
81.43863247863248
81.50632478632478
81.57333333333332
81.62222222222222
81.66871794871795
81.70803418803419
81.75076923076922
81.81504273504274
81.8765811965812
81.93948717948719
81.98564102564103
82.02632478632478
82.0680341880342
82.1025641025641
82.15623931623932
82.21435897435899
82.28136752136751
82.35111111111111
82.42393162393162
82.47897435897436
82.5552136752137
82.63179487179487
82.70188034188033
82.77264957264957
82.84136752136752
82.9076923076923
82.95589743589744
83.00341880341881
83.07042735042734
83.13572649572649
83.20307692307692
83.27076923076923
83.34017094017094
83.38393162393164
83.42837606837607
83.49094017094018
83.56
83.62564102564102
83.70222222222223
83.77709401709403
83.85504273504273
83.92820512820512
83.99111111111111
84.04615384615384
84.11316239316238
84.17401709401709
84.2382905982906
84.30803418803418
84.3753846153846
84.44820512820513
84.51418803418802
84.60649572649572
84.69880341880342
84.79145299145299
84.90529914529914
84.99316239316241
85.07555555555555
85.15247863247863
85.25777777777778
85.36615384615385
85.48
85.59042735042736
85.69230769230768
85.78495726495727
85.87897435897436
85.97094017094018
86.05880341880342
86.15794871794871
86.2646153846154
86.35316239316238
86.44649572649573
86.53914529914529
86.63282051282053
86.73401709401709
86.84
86.95384615384616
87.0519658119658
87.14666666666666
87.24136752136754
87.32
87.42393162393162
87.53333333333335
87.62666666666668
87.71931623931623
87.8105982905983
87.90051282051282
87.99111111111111
88.09299145299144
88.20341880341881
88.31076923076924
88.41948717948719
88.52683760683762
88.62051282051281
88.71487179487178
88.83247863247863
88.95418803418802
89.0868376068376
89.2174358974359
89.32068376068376
89.41982905982904
89.51213675213674
89.6174358974359
89.72478632478632
89.83247863247863
89.94290598290598
90.05367521367523
90.1671794871795
90.3025641025641
90.41401709401708
90.52273504273504
90.62393162393163
90.72
90.81094017094017
90.89299145299145
90.96957264957265
91.03931623931625
91.1076923076923
91.17641025641024
91.23965811965813
91.29914529914531
91.35589743589745
91.39589743589742
91.44136752136752
91.50700854700854
91.5702564102564
91.63555555555557
91.6988034188034
91.75965811965813
91.82632478632479
91.8888888888889
91.95145299145298
92.01264957264956
92.06803418803418
92.15384615384615
92.24444444444445
92.34529914529914
92.45538461538462
92.56923076923076
92.69401709401711
92.83384615384615
92.9637606837607
93.09914529914529
93.24239316239317
93.39452991452993
93.5531623931624
93.6919658119658
93.8417094017094
93.98940170940172
94.13675213675214
94.28444444444443
94.41811965811965
94.55213675213673
94.69059829059829
94.82153846153845
94.95863247863247
95.1025641025641
95.22974358974358
95.35897435897435
95.48307692307691
95.60615384615384
95.71008547008547
95.8071794871795
95.90940170940172
96.01401709401709
96.08547008547008
96.17504273504274
96.27179487179487
96.3637606837607
96.42837606837605
96.48923076923076
96.57094017094016
96.64547008547008
96.71658119658122
96.77846153846154
96.83623931623931
96.90529914529914
96.97094017094018
97.03418803418803
97.1011965811966
97.16170940170942
97.20991452991453
97.27829059829058
97.31692307692309
97.35623931623934
97.3928205128205
97.44
97.48854700854702
97.53059829059828
97.56273504273506
97.62119658119659
97.67931623931625
97.73709401709401
97.7774358974359
97.83829059829058
97.90427350427352
97.96957264957264
98.03555555555555
98.09162393162393
98.14974358974358
98.21435897435896
98.28341880341881
98.35418803418803
98.41094017094015
98.46290598290598
98.51418803418802
98.57094017094018
98.62051282051284
98.69982905982906
98.75589743589742
98.80820512820513
98.86427350427351
98.92273504273504
98.9794871794872
99.04444444444445
99.08273504273505
99.11965811965811
99.1459829059829
99.18940170940174
99.2382905982906
99.28170940170939
99.32649572649572
99.37572649572652
99.41641025641027
99.46393162393161
99.51076923076924
99.55213675213676
99.59726495726495
99.65401709401709
99.6923076923077
99.73162393162391
99.76991452991453
99.80820512820512
99.84820512820512
99.9097435897436
99.98119658119658
100.02940170940172
100.07760683760684
100.12888888888887
100.17162393162393
100.24136752136752
100.3076923076923
100.35487179487178
100.40068376068375
100.43931623931623
100.47042735042734
100.50188034188034
100.53128205128205
100.58290598290597
100.63589743589745
100.69059829059829
100.7565811965812
100.81572649572648
100.86256410256408
100.92649572649572
100.98700854700854
101.04205128205129
101.09743589743591
101.1459829059829
101.19350427350429
101.23042735042735
101.28717948717947
101.34700854700856
101.40683760683761
101.47042735042734
101.53435897435897
101.57333333333334
101.63829059829061
101.70324786324785
101.77367521367519
101.85264957264957
101.93196581196582
102.01128205128205
102.06119658119658
102.10495726495726
102.14188034188034
102.16820512820512
102.19487179487177
102.23555555555555
102.2765811965812
102.31794871794871
102.35726495726495
102.39555555555555
102.43452991452992
102.47418803418803
102.52068376068375
102.57435897435899
102.62495726495726
102.68102564102564
102.72957264957266
102.77811965811966
102.84957264957265
102.9080341880342
102.96854700854703
103.02290598290598
103.07076923076924
103.11521367521367
103.1548717948718
103.21811965811965
103.28307692307693
103.35213675213676
103.43316239316238
103.5182905982906
103.61094017094018
103.71350427350427
103.81982905982906
103.93641025641026
104.05641025641026
104.15589743589744
104.257094017094
104.34940170940172
104.43418803418803
104.51726495726496
104.5928205128205
104.6803418803419
104.76444444444442
104.85264957264957
104.95589743589743
105.03452991452993
105.11965811965811
105.2102564102564
105.29777777777777
105.39418803418805
105.49401709401711
105.58393162393162
105.67008547008547
105.75008547008547
105.83316239316238
105.91179487179488
105.98427350427352
106.04273504273506
106.09572649572651
106.14666666666668
106.21880341880342
106.25504273504274
106.30461538461539
106.35418803418804
106.40376068376067
106.45504273504271
106.49948717948718
106.54461538461537
106.59145299145298
106.63555555555554
106.70871794871795
106.75726495726497
106.80581196581197
106.85675213675214
106.90153846153845
106.92376068376069
106.95760683760683
106.99008547008548
107.02529914529916
107.05094017094015
107.07247863247864
107.09470085470086
107.12649572649572
107.16547008547008
107.2017094017094
107.24205128205129
107.32102564102563
107.36
107.40273504273505
107.44444444444446
107.4902564102564
107.53094017094017
107.56649572649572
107.59863247863247
107.6294017094017
107.6553846153846
107.70358974358975
107.73572649572648
107.76478632478633
107.79521367521367
107.84034188034188
107.88683760683762
107.93880341880342
107.9842735042735
108.02974358974359
108.08068376068377
108.11418803418803
108.15008547008547
108.17606837606837
108.20752136752137
108.24102564102563
108.26735042735044
108.33162393162392
108.36991452991452
108.40376068376068
108.43350427350428
108.46188034188035
108.48991452991451
108.51794871794873
108.54188034188033
108.56068376068377
108.5774358974359
108.57948717948719
108.58119658119658
108.58632478632478
108.6
108.6105982905983
108.61675213675215
108.6225641025641
108.63042735042737
108.6297435897436
108.64341880341881
108.6557264957265
108.67589743589744
108.69811965811965
108.71452991452992
108.73299145299144
108.75384615384615
108.77811965811965
108.80273504273505
108.82393162393163
108.85914529914531
108.90290598290598
108.94495726495728
108.9647863247863
108.98598290598291
109.01299145299144
109.06358974358973
109.11145299145299
109.16752136752139
109.21948717948719
109.23521367521367
109.25128205128205
109.26735042735045
109.28615384615385
109.31179487179489
109.33333333333331
109.36341880341882
109.38666666666666
109.40307692307694
109.4208547008547
109.43487179487181
109.44649572649573
109.48170940170941
109.5217094017094
109.57230769230769
109.58666666666666
109.60307692307691
109.62290598290598
109.66461538461539
109.70905982905983
109.71589743589745
109.72957264957263
109.75076923076924
109.75794871794871
109.77299145299145
109.8280341880342
109.88615384615385
109.94188034188033
109.99794871794872
110.03042735042736
110.06427350427352
110.0871794871795
110.11008547008547
110.13264957264957
110.15145299145298
110.1723076923077
110.18735042735042
110.19589743589744
110.2068376068376
110.20512820512822
110.2345299145299
110.26017094017094
110.28581196581197
110.32068376068376
110.35760683760684
110.40547008547009
110.45264957264958
110.49675213675214
110.54051282051282
110.577094017094
110.57811965811966
110.57401709401711
110.5740170940171
110.57675213675213
110.59897435897433
110.62085470085471
110.64478632478631
110.66905982905982
110.69094017094018
110.72205128205128
110.75008547008548
110.7808547008547
110.81606837606837
110.84820512820512
110.88478632478633
110.91589743589743
110.94119658119658
110.96307692307691
110.97538461538461
110.9825641025641
111.0123076923077
111.03931623931624
111.07316239316238
111.1090598290598
111.11350427350428
111.15145299145298
111.19452991452992
111.23726495726494
111.27282051282053
111.30974358974359
111.34769230769228
111.38632478632479
111.4246153846154
111.46017094017093
111.48547008547008
111.51418803418805
111.53914529914529
111.56
111.5808547008547
111.60068376068376
111.62324786324787
111.6434188034188
111.6591452991453
111.67794871794871
111.69880341880342
111.71692307692307
111.73641025641024
111.75179487179489
111.7719658119658
111.82188034188034
111.84068376068375
111.85880341880342
111.8782905982906
111.90119658119659
111.92376068376066
111.94735042735043
111.96923076923078
111.99008547008548
111.98905982905981
111.99760683760685
112.00444444444443
112.0105982905983
112.01641025641024
112.02188034188035
112.03316239316239
112.03965811965813
112.04991452991453
112.06700854700856
112.08
112.09162393162394
112.10837606837607
112.12239316239317
112.14324786324785
112.15658119658119
112.13743589743589
112.15179487179488
112.16444444444446
112.17743589743588
112.19179487179487
112.20888888888891
112.22529914529912
112.23829059829059
112.25367521367521
112.29743589743588
112.33094017094018
112.36991452991451
112.40615384615387
112.41435897435896
112.41880341880344
112.41162393162392
112.4105982905983
112.40923076923076
112.39965811965813
112.3931623931624
112.3876923076923
112.38188034188033
112.37948717948719
112.36547008547008
112.35555555555555
112.37811965811964
112.39452991452993
112.41470085470085
112.43213675213674
112.44888888888889
112.46153846153845
112.47384615384615
112.49264957264957
112.50974358974358
112.52410256410256
112.54393162393163
112.55931623931625
112.57641025641026
112.6225641025641
112.66735042735041
112.6905982905983
112.70837606837605
112.72512820512821
112.74700854700855
112.77025641025641
112.79521367521367
112.81299145299144
112.82529914529914
112.84
112.84581196581195
112.85128205128206
112.86495726495727
112.86974358974359
112.8694017094017
112.8639316239316
112.85606837606838
112.85128205128206
112.84649572649572
112.84205128205127
112.84068376068375
112.83726495726496
112.83350427350427
112.83316239316238
112.83316239316238
112.84478632478633
112.8834188034188
112.93162393162393
112.98358974358973
113.00205128205127
113.0225641025641
113.03965811965813
113.0591452991453
113.08820512820513
113.1148717948718
113.14393162393162
113.17538461538462
113.20717948717949
113.2471794871795
113.2905982905983
113.34153846153846
113.39897435897437
113.42700854700855
113.4505982905983
113.47076923076924
113.49401709401711
113.52273504273504
113.55111111111111
113.57948717948719
113.60581196581197
113.62324786324787
113.64273504273504
113.65162393162394
113.63316239316241
113.64820512820513
113.65777777777777
113.66393162393162
113.67111111111112
113.67350427350428
113.68034188034187
113.69162393162392
113.70051282051281
113.7076923076923
113.71042735042737
113.71863247863246
113.72376068376069
113.72307692307692
113.75145299145301
113.78222222222223
113.81538461538462
113.84615384615385
113.87076923076924
113.90051282051282
113.92649572649574
113.91931623931623
113.91897435897434
113.91247863247864
113.90632478632479
113.92649572649572
113.94461538461539
113.96888888888888
113.99316239316238
114.0157264957265
114.03521367521367
114.05128205128204
114.06666666666665
114.07829059829056
114.08786324786323
114.09606837606836
114.09606837606836
114.0953846153846
114.09435897435897
114.09675213675213
114.09675213675214
114.09675213675214
114.09264957264959
114.08512820512819
114.07111111111111
114.06051282051283
114.08205128205127
114.10017094017094
114.12102564102564
114.14153846153847
114.15863247863246
114.17846153846156
114.1948717948718
114.21162393162395
114.23247863247863
114.25470085470086
114.27829059829058
114.29982905982905
114.32854700854699
114.35692307692307
114.3842735042735
114.41675213675212
114.44273504273505
114.47965811965813
114.50666666666666
114.53230769230768
114.56068376068377
114.59076923076925
114.62461538461537
114.65777777777777
114.68512820512822
114.71555555555557
114.742905982906
114.7651282051282
114.78632478632478
114.80649572649573
114.82495726495726
114.84376068376068
114.86393162393163
114.87145299145301
114.87692307692306
114.8642735042735
114.85333333333334
114.83760683760684
114.81641025641025
114.79794871794871
114.77128205128206
114.7548717948718
114.72581196581196
114.69435897435898
114.66495726495727
114.63042735042737
114.59658119658121
114.56136752136752
114.52820512820513
114.49948717948719
114.4680341880342
114.4382905982906
114.41470085470085
114.39589743589744
114.38153846153847
114.36923076923078
114.35692307692307
114.35794871794873
114.37777777777778
114.41128205128206
114.47521367521367
114.54564102564103
114.6239316239316
114.68888888888887
114.75897435897436
114.8365811965812
114.91179487179487
114.96752136752134
115.03008547008547
115.09094017094016
115.15863247863248
115.22632478632478
115.28991452991453
115.34290598290598
115.38700854700853
115.43179487179488
115.4779487179487
115.51897435897438
115.55521367521368
115.58324786324788
115.60410256410256
115.62188034188033
115.61948717948717
115.59692307692306
115.5408547008547
115.46119658119659
115.36410256410255
115.24273504273502
115.1340170940171
115.00991452991451
114.87452991452994
114.73162393162393
114.60376068376068
114.47179487179487
114.33846153846156
114.1897435897436
114.0434188034188
113.90051282051283
113.76649572649575
113.64102564102565
113.51350427350428
113.38324786324787
113.25401709401712
113.12649572649572
113.00170940170942
112.87897435897436
112.75555555555556
112.63555555555557
112.52752136752139
112.44341880341881
112.37333333333333
112.31589743589744
112.27829059829061
112.24615384615386
112.22700854700855
112.22324786324789
112.23316239316239
112.25641025641025
112.29333333333334
112.33880341880344
112.40820512820511
112.48410256410256
112.57230769230767
112.6765811965812
112.78769230769231
112.90495726495725
113.02905982905982
113.15350427350428
113.27794871794872
113.40581196581198
113.537094017094
113.67111111111112
113.80888888888889
113.94666666666666
114.08068376068375
114.21094017094018
114.34017094017095
114.4659829059829
114.5894017094017
114.70564102564101
114.81504273504271
114.91145299145299
114.99897435897435
115.07418803418803
115.1442735042735
115.20205128205129
115.25196581196582
115.28923076923076
115.31350427350428
115.32991452991453
115.34222222222223
115.34905982905984
115.35179487179488
115.36
115.36410256410255
115.3651282051282
115.36957264957263
115.3753846153846
115.38598290598291
115.40273504273505
115.4208547008547
115.43965811965812
115.46051282051283
115.48341880341881
115.5148717948718
115.54666666666668
115.58461538461539
115.62735042735044
115.68068376068375
115.74119658119658
115.80854700854701
115.85572649572649
115.90598290598291
115.96136752136752
115.98564102564102
116.01470085470083
116.04239316239317
116.07555555555555
116.10495726495726
116.14188034188035
116.18495726495725
116.22188034188035
116.25914529914529
116.29299145299146
116.31487179487178
116.33025641025641
116.34461538461537
116.35760683760685
116.36820512820513
116.36923076923077
116.36547008547008
116.34632478632479
116.31384615384617
116.25846153846155
116.18222222222222
116.08547008547008
115.98495726495729
115.86974358974359
115.72888888888889
115.60786324786324
115.47042735042734
115.32410256410257
115.1651282051282
115.00136752136751
114.82461538461537
114.66632478632478
114.50735042735043
114.34871794871796
114.1876923076923
114.03863247863248
113.89538461538461
113.75247863247863
113.6157264957265
113.48205128205129
113.36991452991452
113.26564102564102
113.1894017094017
113.13606837606838
113.12273504273506
113.12888888888888
113.16547008547008
113.23726495726494
113.33504273504272
113.4625641025641
113.61230769230768
113.78427350427351
113.94051282051284
114.11247863247866
114.28752136752136
114.47965811965813
114.6505982905983
114.82940170940172
114.97264957264957
115.11589743589744
115.25401709401709
115.39521367521367
115.53606837606839
115.67623931623933
115.8174358974359
115.94222222222223
116.06393162393162
116.17299145299147
116.27452991452991
116.35008547008549
116.42051282051281
116.47247863247863
116.50803418803417
116.52957264957267
116.54393162393163
116.5480341880342
116.51076923076921
116.4957264957265
116.48
116.46598290598291
116.44649572649574
116.42153846153847
116.39487179487179
116.40649572649572
116.41777777777777
116.42837606837607
116.44102564102565
116.45299145299147
116.46222222222222
116.4680341880342
116.47589743589744
116.48170940170941
116.48307692307694
116.48239316239317
116.47760683760684
116.4700854700855
116.46324786324786
116.4574358974359
116.45025641025643
116.4345299145299
116.41641025641026
116.4225641025641
116.43760683760685
116.44478632478632
116.45470085470086
116.46393162393161
116.47965811965813
116.49128205128206
116.50119658119657
116.51316239316239
116.53196581196582
116.54222222222221
116.55247863247861
116.55965811965811
116.57162393162393
116.58290598290597
116.59384615384616
116.60820512820511
116.62085470085471
116.63863247863247
116.65299145299144
116.66905982905982
116.68717948717948
116.70529914529914
116.72820512820513
116.75316239316238
116.78495726495727
116.81333333333333
116.84752136752137
116.87521367521367
116.9008547008547
116.91999999999999
116.93606837606839
116.94837606837605
116.9603418803419
116.96376068376068
116.96820512820511
116.9682051282051
116.96376068376068
116.95384615384616
116.93470085470084
116.91555555555554
116.88957264957264
116.8659829059829
116.83521367521367
116.80444444444446
116.76649572649575
116.72581196581197
116.6786324786325
116.63111111111112
116.57846153846154
116.52102564102564
116.46153846153848
116.39931623931625
116.34700854700856
116.29435897435897
116.24615384615385
116.20376068376068
116.16923076923077
116.13435897435899
116.10666666666665
116.0782905982906
116.05435897435896
116.0417094017094
116.03179487179486
116.03042735042735
116.02905982905985
116.03418803418805
116.04205128205128
116.05982905982904
116.08581196581197
116.12478632478633
116.17162393162393
116.23658119658121
116.28376068376069
116.33675213675212
116.39521367521367
116.45675213675213
116.52547008547008
116.58564102564101
116.61299145299145
116.63589743589742
116.65435897435897
116.66803418803418
116.6762393162393
116.68136752136752
116.68615384615384
116.68717948717949
116.68068376068375
116.67008547008547
116.66290598290598
116.65846153846154
116.65094017094016
116.63829059829061
116.61914529914532
116.59487179487179
116.55111111111111
116.49504273504273
116.42153846153847
116.35623931623931
116.28717948717949
116.21367521367522
116.13504273504273
116.05230769230769
115.96752136752137
115.91897435897435
115.86974358974359
115.82222222222222
115.77264957264957
115.71897435897435
115.66632478632481
115.61333333333334
115.56820512820514
115.52683760683762
115.48410256410257
115.43897435897438
115.39042735042734
115.34222222222223
115.29128205128205
115.24273504273503
115.19418803418804
115.15350427350428
115.12136752136753
115.09948717948717
115.0871794871795
115.08034188034188
115.08102564102565
115.08444444444446
115.0871794871795
115.09025641025643
115.09094017094016
115.10017094017094
115.11145299145299
115.11794871794874
115.13299145299145
115.14427350427351
115.15760683760683
115.16205128205131
115.16170940170942
115.16273504273505
115.16068376068375
115.15658119658121
115.15384615384615
115.14905982905982
115.14222222222223
115.13264957264958
115.12273504273504
115.11042735042734
115.0960683760684
115.08170940170942
115.0646153846154
115.04068376068375
115.02085470085471
115.00615384615385
115.0102564102564
115.03076923076922
115.06290598290597
115.11076923076922
115.1723076923077
115.2382905982906
115.31247863247862
115.38837606837606
115.47384615384615
115.5651282051282
115.67213675213675
115.78700854700855
115.87931623931627
115.97709401709402
116.08205128205128
116.19179487179487
116.30529914529916
116.42393162393164
116.5135042735043
116.60136752136751
116.69025641025642
116.78529914529913
116.8851282051282
116.98119658119657
117.0745299145299
117.15487179487178
117.2174358974359
117.26222222222222
117.28444444444443
117.29982905982907
117.30871794871796
117.3076923076923
117.30803418803418
117.30051282051281
117.29094017094016
117.26666666666668
117.23555555555554
117.23384615384613
117.22529914529915
117.21128205128205
117.19247863247861
117.17572649572648
117.15692307692306
117.16581196581197
117.18222222222221
117.19829059829061
117.20923076923079
117.2191452991453
117.22427350427351
117.22632478632478
117.2242735042735
117.22153846153846
117.22188034188034
117.22564102564101
117.22974358974359
117.23384615384617
117.24307692307691
117.24957264957266
117.25777777777778
117.26666666666667
117.27589743589743
117.28615384615387
117.29641025641025
117.30529914529914
117.31623931623932
117.33094017094018
117.34700854700854
117.36683760683759
117.38598290598291
117.40102564102564
117.41948717948719
117.43418803418803
117.44273504273505
117.4540170940171
117.46598290598291
117.4765811965812
117.48991452991453
117.49880341880342
117.51111111111112
117.52307692307691
117.53264957264955
117.54017094017094
117.55008547008546
117.55829059829058
117.5688888888889
117.57846153846154
117.59042735042735
117.60068376068375
117.61880341880344
117.63555555555554
117.65333333333332
117.66837606837608
117.68273504273506
117.69948717948716
117.68957264957264
117.67623931623932
117.66905982905982
117.66735042735041
117.66905982905982
117.67247863247863
117.6817094017094
117.68820512820511
117.70222222222223
117.711452991453
117.71829059829061
117.73196581196582
117.74495726495726
117.75282051282052
117.76307692307691
117.77025641025641
117.7757264957265
117.77948717948716
117.7825641025641
117.78153846153846
117.78358974358974
117.78119658119657
117.77333333333334
117.76205128205129
117.75042735042734
117.76547008547006
117.78461538461538
117.80854700854701
117.83452991452991
117.86324786324786
117.86290598290597
117.85846153846154
117.86256410256408
117.86735042735044
117.87213675213675
117.88
117.88478632478633
117.88888888888889
117.89743589743591
117.9080341880342
117.91487179487181
117.9203418803419
117.92273504273504
117.92478632478633
117.92341880341881
117.9203418803419
117.91658119658119
117.9213675213675
117.92581196581196
117.9268376068376
117.92512820512819
117.92512820512819
117.91760683760684
117.91213675213676
117.9025641025641
117.92444444444445
117.93264957264957
117.93641025641026
117.93880341880342
117.94598290598292
117.95692307692306
117.96923076923078
117.95521367521367
117.93846153846154
117.92170940170939
117.91008547008546
117.90529914529914
117.89709401709402
117.88786324786324
117.87794871794873
117.86564102564104
117.84923076923076
117.82598290598291
117.79965811965812
117.76205128205127
117.70940170940172
117.64170940170939
117.5552136752137
117.4468376068376
117.32444444444445
117.19042735042734
117.05401709401707
116.89538461538459
116.72
116.5388034188034
116.35179487179487
116.15111111111109
115.99384615384615
115.83863247863248
115.67282051282052
115.46837606837606
115.25709401709402
114.99760683760684
114.70324786324787
114.37709401709402
114.08547008547008
113.7842735042735
113.51965811965812
113.25470085470086
113.03452991452993
112.82940170940172
112.65880341880342
112.5042735042735
112.40102564102564
112.30905982905982
112.25025641025641
112.21811965811966
112.2105982905983
112.22290598290597
112.2728205128205
112.32888888888888
112.391452991453
112.43418803418803
112.47316239316238
112.52786324786324
112.61641025641025
112.71111111111111
112.86324786324786
113.05333333333334
113.27692307692308
113.4728205128205
113.68786324786325
113.86974358974359
114.06153846153848
114.22393162393162
114.38974358974359
114.53641025641025
114.688547008547
114.81264957264958
114.9425641025641
115.05538461538463
115.177094017094
115.32034188034187
115.50324786324786
115.68752136752137
115.90153846153845
116.09777777777778
116.30051282051284
116.45059829059828
116.59931623931624
116.71897435897438
116.84102564102564
116.97059829059828
117.1080341880342
117.24068376068377
117.37230769230767
117.50188034188034
117.63247863247864
117.72786324786324
117.82495726495726
117.92410256410258
118.01880341880342
118.1165811965812
118.21401709401711
118.30905982905985
118.39555555555555
118.46632478632479
118.51213675213674
118.48376068376068
118.42324786324785
118.32512820512821
118.25230769230768
118.17880341880344
118.16034188034187
118.13675213675215
118.14393162393162
118.15076923076926
118.14393162393164
118.13128205128206
118.13025641025641
118.12888888888888
118.13264957264957
118.13606837606838
118.17333333333332
118.19145299145299
118.20341880341878
118.21196581196583
118.21333333333332
118.20717948717949
118.19726495726496
118.18837606837607
118.17401709401709
118.16273504273505
118.18564102564103
118.21401709401711
118.25811965811967
118.27897435897438
118.30427350427351
118.33538461538461
118.37162393162394
118.36752136752139
118.36376068376069
118.36649572649574
118.36854700854701
118.35145299145299
118.33059829059829
118.30017094017094
118.26871794871795
118.21606837606839
118.16136752136752
118.1182905982906
118.0868376068376
118.05538461538463
118.01435897435898
117.9808547008547
117.96
117.94358974358973
117.91008547008546
117.86974358974359
117.83179487179488
117.78803418803417
117.76581196581198
117.72136752136753
117.67384615384613
117.63316239316241
117.63111111111111
117.61538461538461
117.59931623931624
117.59213675213675
117.59726495726498
117.59863247863248
117.59692307692309
117.5965811965812
117.61606837606838
117.64717948717949
117.65777777777775
117.65401709401708
117.65880341880342
117.67350427350428
117.6694017094017
117.64854700854701
117.63350427350426
117.6297435897436
117.61675213675215
117.58632478632478
117.5497435897436
117.51247863247863
117.4905982905983
117.4625641025641
117.41777777777777
117.38051282051283
117.35623931623931
117.31282051282051
117.25641025641028
117.20547008547008
117.1651282051282
117.12888888888888
117.09196581196582
117.05982905982906
117.04
117.03247863247861
117.02188034188035
117.00547008547008
116.99076923076922
116.9894017094017
116.9876923076923
116.97435897435896
116.96068376068376
116.9617094017094
116.96615384615384
116.9617094017094
116.97264957264957
116.99042735042734
117.01059829059828
117.03589743589743
117.05982905982906
117.0902564102564
117.13914529914531
117.18700854700856
117.22051282051284
117.2451282051282
117.2728205128205
117.29333333333332
117.30700854700855
117.32581196581197
117.35589743589745
117.39179487179489
117.4297435897436
117.47111111111111
117.50769230769231
117.55145299145299
117.5982905982906
117.63794871794873
117.67145299145301
117.71179487179487
117.7528205128205
117.7668376068376
117.777094017094
117.79076923076924
117.8
117.79555555555557
117.77982905982907
117.76239316239317
117.74188034188035
117.72752136752136
117.7131623931624
117.70119658119658
117.69709401709402
117.69162393162392
117.67247863247866
117.63931623931623
117.61606837606838
117.59247863247863
117.55794871794873
117.52615384615385
117.49504273504273
117.46529914529914
117.44034188034189
117.41367521367522
117.38290598290598
117.36068376068376
117.35829059829061
117.35452991452992
117.3531623931624
117.36034188034189
117.38085470085471
117.39589743589744
117.40000000000002
117.40512820512822
117.40752136752137
117.40102564102564
117.38222222222223
117.35350427350427
117.31794871794871
117.28273504273504
117.24068376068375
117.17709401709402
117.0953846153846
117.0123076923077
116.89914529914529
116.75145299145301
116.56923076923076
116.3562393162393
116.15179487179486
115.91829059829061
115.70017094017093
115.46529914529913
115.27589743589743
115.08205128205127
114.93264957264957
114.78666666666666
114.66222222222224
114.54051282051283
114.40410256410257
114.26495726495726
114.11897435897436
113.97811965811965
113.86256410256411
113.76102564102564
113.688547008547
113.63521367521369
113.59521367521367
113.57606837606836
113.56068376068377
113.57948717948717
113.62700854700856
113.71179487179487
113.83452991452991
113.95111111111112
114.10085470085468
114.23555555555556
114.38017094017094
114.47658119658121
114.57538461538462
114.62598290598292
114.67589743589744
114.71589743589745
114.77435897435899
114.86735042735043
114.99418803418803
115.17333333333335
115.38598290598289
115.63692307692307
115.92376068376069
116.17811965811966
116.41811965811966
116.60239316239317
116.78461538461539
116.95282051282051
117.12444444444445
117.31521367521367
117.51760683760685
117.69367521367522
117.88
118.03521367521367
118.18905982905983
118.32307692307691
118.46222222222221
118.60683760683762
118.75897435897436
118.87897435897436
118.99897435897435
119.11042735042734
119.21128205128205
119.27179487179488
119.30153846153847
119.29777777777777
119.23384615384616
119.12649572649572
119.0153846153846
118.89128205128205
118.80923076923077
118.71111111111111
118.61777777777777
118.51008547008547
118.3774358974359
118.21606837606838
118.05538461538461
117.87042735042736
117.70153846153846
117.51111111111109
117.32854700854699
117.13470085470085
116.95282051282051
116.75247863247863
116.5945299145299
116.43179487179488
116.25538461538461
116.0673504273504
115.91213675213675
115.7528205128205
115.59521367521367
115.43965811965812
115.30564102564104
115.18974358974357
115.08991452991451
115.00376068376069
114.9288888888889
114.86632478632477
114.81777777777778
114.77777777777777
114.75418803418803
114.75589743589742
114.77401709401711
114.80581196581196
114.85777777777777
114.92615384615385
115.00786324786324
115.07247863247864
115.15760683760682
115.22974358974359
115.305641025641
115.40239316239317
115.50974358974358
115.60786324786324
115.71179487179487
115.8225641025641
115.94700854700854
116.05504273504272
116.1617094017094
116.2728205128205
116.38837606837606
116.50632478632477
116.62735042735041
116.74666666666666
116.87008547008548
116.99316239316238
117.12
117.24957264957264
117.38119658119658
117.5182905982906
117.65196581196582
117.74700854700855
117.84205128205129
117.92410256410258
118.00307692307693
118.0782905982906
118.14461538461539
118.20615384615385
118.25709401709402
118.30324786324785
118.33846153846153
118.36034188034188
118.37572649572648
118.38358974358975
118.38632478632479
118.38085470085468
118.37401709401709
118.36239316239316
118.34529914529914
118.32478632478633
118.29948717948717
118.26871794871795
118.23589743589744
118.19692307692308
118.15521367521367
118.11008547008547
118.09606837606836
118.07760683760685
118.06188034188035
118.04888888888888
118.04102564102563
118.03760683760683
118.03931623931625
118.05470085470084
118.07931623931623
118.12410256410256
118.1863247863248
118.23521367521369
118.29128205128205
118.3268376068376
118.37025641025643
118.41435897435899
118.46393162393164
118.48854700854702
118.51418803418802
118.54529914529914
118.57709401709403
118.60923076923076
118.64820512820513
118.6868376068376
118.72820512820513
118.74324786324786
118.76
118.77777777777777
118.79247863247863
118.80102564102565
118.80376068376067
118.80102564102563
118.78495726495727
118.75589743589744
118.70837606837607
118.64034188034188
118.57914529914531
118.50803418803417
118.45333333333333
118.38700854700855
118.31555555555556
118.23794871794871
118.18324786324787
118.12000000000002
118.04820512820514
117.96991452991455
117.88068376068377
117.78495726495728
117.68752136752137
117.59213675213675
117.52615384615386
117.45948717948717
117.39452991452993
117.32888888888888
117.26324786324788
117.19589743589742
117.13230769230772
117.0697435897436
117.00341880341881
116.92649572649572
116.84136752136752
116.74461538461539
116.63897435897435
116.52683760683762
116.41709401709403
116.29982905982907
116.20136752136752
116.10564102564103
116.00854700854701
115.91076923076923
115.83452991452992
115.76717948717948
115.70735042735045
115.65162393162394
115.64205128205128
115.64478632478632
115.65504273504274
115.6731623931624
115.71418803418803
115.76752136752137
115.83145299145299
115.89504273504274
115.96034188034187
116.03726495726494
116.13128205128203
116.24136752136752
116.37333333333333
116.52
116.68341880341879
116.8642735042735
117.06393162393162
117.25572649572649
117.45128205128205
117.61675213675213
117.79008547008544
117.94564102564101
118.1011965811966
118.25025641025641
118.39931623931625
118.4991452991453
118.58871794871794
118.67111111111112
118.74051282051282
118.78393162393164
118.81367521367521
118.82495726495726
118.82222222222222
118.81572649572651
118.79282051282053
118.75555555555556
118.70735042735045
118.64547008547008
118.57162393162395
118.48170940170941
118.35418803418804
118.20102564102564
118.02666666666669
117.82598290598291
117.63726495726496
117.42769230769233
117.20205128205129
116.95897435897436
116.75008547008548
116.53401709401709
116.34290598290598
116.15452991452992
116.00205128205127
115.87145299145298
115.7705982905983
115.69982905982904
115.67384615384616
115.68786324786325
115.73572649572648
115.81094017094017
115.92341880341881
116.03350427350428
116.15863247863248
116.2451282051282
116.33299145299146
116.41538461538462
116.5791452991453
116.78529914529913
117.03042735042736
117.27384615384615
117.53333333333335
117.76410256410256
118.01401709401709
118.22837606837605
118.44547008547009
118.6068376068376
118.75999999999998
118.8782905982906
118.96991452991453
119.03452991452993
119.07316239316238
119.07794871794871
119.05435897435899
118.99384615384615
118.91042735042734
118.79008547008544
118.66974358974359
118.5408547008547
118.45333333333333
118.36649572649573
118.30427350427351
118.17641025641025
118.0126495726496
117.83931623931625
117.69641025641026
117.55965811965812
117.46940170940172
117.37914529914529
117.29504273504273
117.20957264957265
117.1531623931624
117.10051282051283
117.04649572649573
116.99760683760684
116.95282051282052
116.90632478632479
116.86495726495728
116.82222222222221
116.78632478632477
116.76136752136752
116.7528205128205
116.75692307692309
116.76786324786325
116.78666666666666
116.81641025641025
116.8560683760684
116.89846153846155
116.94905982905982
116.99452991452992
117.04273504273505
117.088547008547
117.1357264957265
117.18427350427352
117.2365811965812
117.29333333333334
117.3531623931624
117.41538461538462
117.48615384615385
117.56170940170941
117.63999999999999
117.72478632478635
117.81128205128206
117.90564102564103
117.97538461538461
118.04034188034187
118.10427350427352
118.17264957264958
118.24581196581197
118.32205128205128
118.368547008547
118.41435897435896
118.46940170940172
118.52786324786324
118.58940170940171
118.6451282051282
118.67863247863248
118.71179487179487
118.74393162393164
118.77025641025641
118.79658119658119
118.82598290598291
118.85606837606838
118.89162393162394
118.93401709401711
118.9794871794872
118.99829059829061
119.00752136752139
119.01470085470088
119.04820512820514
119.05435897435896
119.05880341880342
119.0625641025641
119.06529914529916
119.07179487179486
119.11282051282052
119.13230769230769
119.14051282051282
119.14222222222223
119.14153846153846
119.14529914529913
119.17367521367524
119.20136752136754
119.2259829059829
119.222905982906
119.2157264957265
119.2054700854701
119.19521367521367
119.17914529914532
119.15350427350428
119.12170940170941
119.111452991453
119.10188034188033
119.0905982905983
119.07863247863249
119.09846153846155
119.09641025641027
119.08888888888889
119.07726495726496
119.06119658119657
119.03897435897436
119.03555555555555
119.03350427350428
119.03076923076922
119.01982905982906
119.00307692307692
118.97811965811965
118.94871794871793
118.91794871794873
118.90974358974357
118.90461538461537
118.89743589743588
118.88717948717951
118.87111111111109
118.85367521367522
118.83384615384614
118.81504273504275
118.79760683760684
118.77777777777777
118.75897435897436
118.73982905982906
118.74188034188033
118.74905982905983
118.75931623931625
118.76854700854702
118.78188034188035
118.79692307692308
118.81367521367521
118.80273504273504
118.80136752136752
118.79623931623932
118.8020512820513
118.81435897435898
118.83384615384615
118.8557264957265
118.87726495726496
118.90119658119659
118.92615384615385
118.95179487179486
118.97914529914532
119.00991452991452
119.04136752136752
119.07623931623931
119.1148717948718
119.12273504273506
119.12615384615384
119.13264957264957
119.13606837606838
119.13641025641027
119.1357264957265
119.13162393162395
119.12547008547008
119.1182905982906
119.1442735042735
119.1668376068376
119.19589743589744
119.21811965811965
119.23350427350425
119.24341880341879
119.25572649572649
119.26700854700853
119.27692307692308
119.28444444444445
119.29025641025642
119.29470085470084
119.29641025641027
119.26769230769233
119.23726495726496
119.2088888888889
119.20991452991451
119.21641025641027
119.21811965811965
119.222905982906
119.2294017094017
119.23692307692306
119.24307692307691
119.24820512820514
119.25196581196582
119.25333333333334
119.25641025641028
119.25777777777779
119.25982905982906
119.26666666666668
119.2694017094017
119.27418803418803
119.28034188034188
119.25641025641025
119.2294017094017
119.2017094017094
119.17128205128205
119.13675213675215
119.1251282051282
119.10598290598291
119.08102564102565
119.05333333333334
119.02017094017094
118.98735042735044
118.94871794871796
118.90700854700856
118.86461538461539
118.82290598290598
118.79076923076921
118.76102564102564
118.73435897435898
118.71076923076924
118.68786324786325
118.66974358974359
118.65264957264957
118.64307692307693
118.63008547008548
118.61504273504273
118.62803418803419
118.64341880341881
118.65811965811967
118.67623931623932
118.69846153846154
118.72615384615386
118.76136752136753
118.79658119658119
118.84
118.8854700854701
118.9316239316239
118.97777777777777
119.02461538461537
119.07282051282051
119.1179487179487
119.15418803418801
119.18700854700853
119.21641025641024
119.23897435897436
119.25811965811967
119.2676923076923
119.26735042735044
119.25811965811965
119.24444444444444
119.21846153846154
119.18324786324787
119.13982905982908
119.08820512820512
119.02598290598291
118.95863247863248
118.8782905982906
118.78769230769231
118.6834188034188
118.56820512820514
118.44888888888889
118.32478632478633
118.19692307692307
118.06393162393162
117.91965811965811
117.77094017094018
117.61777777777777
117.46051282051282
117.3025641025641
117.14393162393162
117.02085470085471
116.90564102564102
116.79726495726494
116.70119658119657
116.61196581196582
116.55145299145299
116.5080341880342
116.47760683760684
116.45846153846152
116.45128205128205
116.4471794871795
116.45572649572648
116.4694017094017
116.49196581196583
116.51384615384615
116.53675213675213
116.55658119658119
116.56341880341881
116.56752136752137
116.5688888888889
116.56991452991453
116.56581196581197
116.55623931623931
116.54461538461538
116.52820512820513
116.4779487179487
116.44273504273504
116.40752136752137
116.36
116.3025641025641
116.24547008547007
116.18358974358975
116.11316239316238
116.04478632478632
115.97709401709402
115.91487179487181
115.8817094017094
115.85880341880342
115.84239316239317
115.83623931623931
115.83623931623931
115.84649572649572
115.88
115.92615384615385
115.9842735042735
116.05367521367522
116.13470085470085
116.22974358974358
116.33094017094018
116.4451282051282
116.5579487179487
116.65162393162394
116.74905982905983
116.85675213675216
116.96923076923078
117.06632478632478
117.16478632478633
117.26735042735044
117.36547008547008
117.46017094017094
117.55179487179487
117.61504273504273
117.66871794871795
117.7234188034188
117.77333333333333
117.82119658119659
117.86700854700855
117.90529914529914
117.9357264957265
117.96136752136752
117.9794871794872
117.99247863247864
118.00615384615385
118.0205128205128
118.03076923076922
118.04102564102564
118.0560683760684
118.07623931623931
118.0974358974359
118.12410256410256
118.15008547008547
118.1774358974359
118.21230769230769
118.24820512820514
118.28478632478632
118.32170940170941
118.35692307692308
118.39794871794871
118.43726495726496
118.47760683760686
118.5186324786325
118.55897435897435
118.60444444444445
118.65196581196582
118.70256410256412
118.75555555555555
118.81128205128205
118.86529914529915
118.91589743589746
118.96547008547007
119.01641025641025
119.06222222222223
119.09811965811967
119.12581196581199
119.14529914529913
119.16547008547009
119.18119658119656
119.18529914529915
119.17982905982906
119.17504273504274
119.16649572649573
119.1617094017094
119.15452991452992
119.14495726495724
119.13333333333333
119.1217094017094
119.11076923076924
119.10017094017094
119.09264957264959
119.09094017094017
119.0919658119658
119.09880341880344
119.10461538461539
119.11042735042734
119.11965811965813
119.13196581196581
119.14529914529913
119.14119658119658
119.13777777777777
119.13880341880342
119.14051282051281
119.14188034188034
119.14598290598289
119.16239316239314
119.17606837606837
119.19555555555554
119.2088888888889
119.22051282051281
119.23692307692309
119.2523076923077
119.26769230769233
119.28068376068376
119.2919658119658
119.30290598290598
119.30700854700855
119.31350427350426
119.31692307692309
119.31794871794872
119.3165811965812
119.30564102564104
119.28376068376069
119.25367521367521
119.23760683760683
119.21811965811965
119.19658119658118
119.17162393162393
119.14393162393162
119.12170940170941
119.09572649572651
119.07213675213676
119.04512820512821
119.02324786324787
119.00341880341881
118.98188034188036
118.96478632478633
118.94837606837609
